TimeStamp	POS_X	POS_Y	POS_Z	Q_W	Q_X	Q_Y	Q_Z	Throttle	Steering	Brake	Gear	Handbrake	RPM	Speed	ImageFile
1545799408369	116.343903	-129.777618	-0.606924	0.999961	-0.004946	0.001533	0.007096	1.000000	0.500000	0.000000	2	0	4781.262207	12.282783	img__0_1545799408357333400.png
1545799408460	117.112755	-129.736908	-0.606676	0.999714	-0.006323	0.001487	0.023006	1.000000	0.500000	0.000000	2	0	4821.069336	12.416650	img__0_1545799408457211400.png
1545799408536	117.888710	-129.670135	-0.606137	0.999132	-0.008101	0.001461	0.040837	1.000000	0.500000	0.000000	2	0	4863.104004	12.565823	img__0_1545799408529836200.png
1545799408609	119.040688	-129.523010	-0.606269	0.997598	-0.010327	0.001325	0.068480	1.000000	0.500000	0.000000	0	0	4945.409180	12.650553	img__0_1545799408603162400.png
1545799408676	119.455528	-129.454941	-0.606071	0.996858	-0.010988	0.000460	0.078447	1.000000	0.500000	0.000000	0	0	4895.131836	12.679151	img__0_1545799408673922200.png
1545799408760	120.232803	-129.305374	-0.605971	0.995138	-0.012110	-0.000239	0.097742	1.000000	0.500000	0.000000	0	0	4789.423828	12.645752	img__0_1545799408757055200.png
1545799408830	121.002373	-129.126968	-0.605889	0.993027	-0.013057	-0.000894	0.117162	1.000000	0.500000	0.000000	3	0	4326.750000	12.693052	img__0_1545799408827600700.png
1545799408906	122.136276	-128.805832	-0.608059	0.989170	-0.014612	0.000035	0.146045	1.000000	0.500000	0.000000	3	0	4266.502441	12.906976	img__0_1545799408902602900.png
1545799408976	122.544998	-128.673096	-0.607966	0.987614	-0.014992	-0.000296	0.156184	1.000000	0.500000	0.000000	3	0	4249.642090	13.007390	img__0_1545799408973701800.png
1545799409050	123.315582	-128.397919	-0.608015	0.984372	-0.015596	-0.000556	0.175410	1.000000	0.500000	0.000000	3	0	4219.963379	13.157586	img__0_1545799409046022600.png
1545799409125	124.081947	-128.089813	-0.609878	0.980768	-0.016029	-0.002074	0.194509	1.000000	0.500000	0.000000	3	0	4193.230957	13.302324	img__0_1545799409122233800.png
1545799409202	124.846756	-127.749321	-0.609484	0.976604	-0.016630	-0.002353	0.214391	1.000000	0.500000	0.000000	3	0	4173.531250	13.444324	img__0_1545799409197528100.png
1545799409279	125.605614	-127.374809	-0.609276	0.972055	-0.017133	-0.002872	0.234109	1.000000	0.500000	0.000000	3	0	4157.032715	13.582874	img__0_1545799409275326600.png
1545799409358	126.357315	-126.965958	-0.608965	0.967075	-0.017686	-0.003185	0.253855	1.000000	0.500000	0.000000	3	0	4145.442871	13.717547	img__0_1545799409356023500.png
1545799409441	127.099800	-126.523262	-0.608502	0.961707	-0.018112	-0.003667	0.273456	1.000000	0.500000	0.000000	3	0	4139.769043	13.847984	img__0_1545799409438172300.png
1545799409517	127.831490	-126.047241	-0.607728	0.955979	-0.018216	-0.004296	0.292838	1.000000	0.500000	0.000000	3	0	4136.877930	13.975386	img__0_1545799409512703500.png
1545799409606	128.550735	-125.537506	-0.607253	0.949839	-0.018114	-0.004853	0.312177	1.000000	0.500000	0.000000	3	0	4134.696777	14.101014	img__0_1545799409595604700.png
1545799409692	129.584198	-124.725456	-0.606665	0.939859	-0.018022	-0.005063	0.341048	1.000000	0.500000	0.000000	3	0	4137.166016	14.291038	img__0_1545799409678413300.png
1545799409770	129.945938	-124.416489	-0.606351	0.936024	-0.017901	-0.005152	0.351443	1.000000	0.500000	0.000000	3	0	4138.597656	14.343547	img__0_1545799409763627100.png
1545799409873	130.928848	-123.504799	-0.606094	0.924613	-0.017711	-0.005579	0.380456	1.000000	0.500000	0.000000	3	0	4147.080566	14.519942	img__0_1545799409855351300.png
1545799409991	131.570938	-122.844566	-0.606105	0.916288	-0.017753	-0.006054	0.400080	1.000000	0.500000	0.000000	3	0	4152.866211	14.650366	img__0_1545799409985178800.png
1545799410081	132.242142	-122.117271	-0.632054	0.907943	-0.011599	0.007246	0.418870	1.000000	0.500000	0.000000	3	0	4191.626465	14.732715	img__0_1545799410078516900.png
1545799410178	132.842102	-121.395981	-0.631833	0.899247	-0.007747	0.009662	0.437266	1.000000	0.500000	0.000000	3	0	4218.553711	14.860230	img__0_1545799410175515300.png
1545799410269	133.412567	-120.650078	-0.676680	0.891217	-0.005839	0.002296	0.453534	1.000000	0.500000	0.000000	3	0	4249.700684	14.946270	img__0_1545799410267343800.png
1545799410367	133.976044	-119.874420	-0.676724	0.881722	-0.002397	0.008318	0.471690	1.000000	0.500000	0.000000	3	0	4286.846191	15.036502	img__0_1545799410363626300.png
1545799410479	134.496033	-119.073143	-0.680894	0.871609	0.005273	-0.012845	0.490005	1.000000	0.500000	0.000000	3	0	4298.613281	15.163097	img__0_1545799410473695900.png
1545799410587	135.011032	-118.208321	-0.684145	0.860453	-0.004496	-0.008949	0.509432	1.000000	0.500000	0.000000	3	0	4353.469238	15.250270	img__0_1545799410577936200.png
1545799410685	135.486511	-117.321304	-0.657908	0.847844	-0.013067	-0.023951	0.529543	1.000000	0.500000	0.000000	3	0	4359.480957	15.348796	img__0_1545799410680261800.png
1545799410804	135.932373	-116.442841	-0.637548	0.835283	-0.009100	-0.023467	0.549243	1.000000	0.500000	0.000000	3	0	4362.653320	15.387501	img__0_1545799410797338200.png
1545799410918	136.330933	-115.489487	-0.613721	0.820508	-0.021744	-0.025619	0.570646	1.000000	0.500000	0.000000	3	0	4378.842285	15.451087	img__0_1545799410911360200.png
1545799411042	136.688950	-114.547745	-0.600052	0.805474	-0.027968	-0.021484	0.591581	1.000000	0.500000	0.000000	3	0	4409.011230	15.519590	img__0_1545799411036963400.png
1545799411169	137.012207	-113.572113	-0.591388	0.790286	-0.024623	-0.020725	0.611893	1.000000	0.500000	0.000000	3	0	4431.959961	15.589445	img__0_1545799411163166200.png
1545799411285	137.012207	-113.572113	-0.591388	0.790286	-0.024623	-0.020725	0.611893	1.000000	0.500000	0.000000	3	0	4431.959961	15.589445	img__0_1545799411283525500.png
