TimeStamp	POS_X	POS_Y	POS_Z	Q_W	Q_X	Q_Y	Q_Z	Throttle	Steering	Brake	Gear	Handbrake	RPM	Speed	ImageFile
1545631845331	0.364525	-7.484777	-0.607063	0.706542	-0.001420	0.001215	0.707668	1.000000	0.000000	0.000000	4	0	4109.040527	20.645411	img__0_1545631845328360700.png
1545631845527	0.362419	-6.105681	-0.608045	0.706541	-0.001410	0.001629	0.707669	1.000000	0.000000	0.000000	4	0	4042.328613	20.791151	img__0_1545631845521330300.png
1545631845726	0.359966	-4.719494	-0.610051	0.706544	-0.000197	0.000486	0.707669	1.000000	0.000000	0.000000	4	0	3983.533203	20.933622	img__0_1545631845720249500.png
1545631845906	0.357718	-3.321362	-0.608127	0.706548	-0.000247	0.000734	0.707664	1.000000	0.000000	0.000000	4	0	3931.905273	21.070473	img__0_1545631845903899800.png
1545631846100	0.355028	-1.913144	-0.606160	0.706545	-0.001102	0.001272	0.707666	1.000000	0.000000	0.000000	4	0	3891.349854	21.201508	img__0_1545631846097234800.png
1545631846283	0.352742	-0.497660	-0.606096	0.706535	-0.001069	0.001184	0.707677	1.000000	0.000000	0.000000	4	0	3857.749023	21.329254	img__0_1545631846277659600.png
1545631846474	0.350460	0.926329	-0.606110	0.706527	-0.001062	0.001145	0.707685	1.000000	0.000000	0.000000	4	0	3829.829102	21.453625	img__0_1545631846469331600.png
1545631846655	0.348032	2.359680	-0.608195	0.706522	-0.001751	0.001676	0.707687	1.000000	0.000000	0.000000	4	0	3811.700195	21.572130	img__0_1545631846652291400.png
1545631846844	0.345600	3.799233	-0.609171	0.706516	-0.001563	0.001291	0.707695	1.000000	0.000000	0.000000	4	0	3799.330078	21.688940	img__0_1545631846837309400.png
1545631847025	0.343123	5.245438	-0.607982	0.706459	-0.000701	0.000319	0.707754	1.000000	0.000000	0.000000	4	0	3786.176758	21.805323	img__0_1545631847019911000.png
1545631847209	0.340716	6.700757	-0.608363	0.706431	-0.000525	0.000194	0.707781	1.000000	0.000000	0.000000	4	0	3778.761963	21.918320	img__0_1545631847205279800.png
1545631847389	0.338253	8.164777	-0.606073	0.706415	-0.000922	0.000801	0.707797	1.000000	0.000000	0.000000	4	0	3774.784668	22.031132	img__0_1545631847386316300.png
1545631847571	0.335494	9.635495	-0.606026	0.706406	-0.000993	0.000952	0.707805	1.000000	0.000000	0.000000	4	0	3773.837646	22.140306	img__0_1545631847568326400.png
1545631847761	0.334332	11.113274	-0.606057	0.706899	-0.000896	0.001081	0.707313	1.000000	-0.500000	0.000000	4	0	3778.915771	22.242662	img__0_1545631847755734200.png
1545631847932	0.340694	12.597878	-0.606079	0.709234	-0.000539	0.001429	0.704972	1.000000	0.000000	0.000000	4	0	3781.935547	22.350206	img__0_1545631847928096200.png
1545631848115	0.348025	14.089626	-0.606094	0.710467	-0.000375	0.001575	0.703729	1.000000	0.000000	0.000000	4	0	3786.111572	22.456396	img__0_1545631848109204000.png
1545631848296	0.358434	15.588425	-0.606105	0.711093	-0.000227	0.001704	0.703096	1.000000	0.000000	0.000000	4	0	3791.836670	22.561718	img__0_1545631848291030700.png
1545631848478	0.371700	17.094208	-0.606112	0.711394	-0.000129	0.001785	0.702791	1.000000	0.000000	0.000000	4	0	3798.834229	22.666273	img__0_1545631848471892100.png
1545631848659	0.386880	18.607643	-0.607176	0.711542	-0.000645	0.002013	0.702640	1.000000	0.000000	0.000000	4	0	3807.441162	22.768610	img__0_1545631848655852900.png
1545631848836	0.401838	20.127144	-0.607326	0.711099	-0.001060	0.001566	0.703089	1.000000	0.500000	0.000000	4	0	3822.370361	22.865112	img__0_1545631848833792700.png
1545631849020	0.411614	21.651987	-0.607501	0.708999	-0.000919	0.000354	0.705209	1.000000	0.000000	0.000000	4	0	3830.813721	22.968855	img__0_1545631849017156200.png
1545631849194	0.421592	23.185822	-0.605975	0.707846	-0.001452	0.000721	0.706365	1.000000	0.000000	0.000000	4	0	3840.663574	23.071436	img__0_1545631849187892400.png
1545631849368	0.429178	24.726259	-0.607469	0.707261	-0.001569	0.001352	0.706950	1.000000	0.000000	0.000000	4	0	3852.202148	23.168503	img__0_1545631849365753900.png
1545631849538	0.433711	26.272343	-0.607329	0.707005	-0.001265	0.001406	0.707206	1.000000	0.000000	0.000000	4	0	3865.156982	23.264843	img__0_1545631849536347400.png
1545631849705	0.436074	27.823883	-0.607417	0.706967	-0.000508	0.000862	0.707246	0.000000	0.000000	0.000000	4	0	3541.560547	23.362778	img__0_1545631849702121900.png
1545631849880	0.436550	29.383484	-0.605849	0.706943	-0.001131	0.001035	0.707269	0.000000	0.000000	0.000000	0	0	3460.350342	23.384623	img__0_1545631849876569600.png
1545631850053	0.436543	30.941454	-0.605958	0.706928	-0.001005	0.000403	0.707285	0.000000	0.000000	0.000000	0	0	3381.001221	23.362116	img__0_1545631850037263700.png
1545631850210	0.436518	32.498169	-0.605904	0.706919	-0.000850	0.000147	0.707294	0.000000	0.000000	0.000000	3	0	3154.653809	23.338625	img__0_1545631850204696800.png
1545631850374	0.436266	34.052620	-0.605841	0.706915	-0.000630	-0.000019	0.707299	0.000000	0.000000	0.000000	3	0	2855.078369	23.266735	img__0_1545631850369922900.png
1545631850540	0.435803	35.601788	-0.605771	0.706914	-0.000376	-0.000166	0.707300	0.000000	0.000000	0.000000	3	0	2626.563477	23.167665	img__0_1545631850535746300.png
1545631850710	0.435187	37.143997	-0.605702	0.706915	-0.000124	-0.000302	0.707298	0.000000	-0.500000	0.000000	3	0	2450.409424	23.048420	img__0_1545631850701999700.png
1545631850864	0.440971	38.677990	-0.605639	0.708748	0.000437	-0.000101	0.705461	0.000000	0.000000	0.000000	3	0	2313.240234	22.913158	img__0_1545631850861397600.png
1545631851029	0.449240	40.202812	-0.605581	0.710449	0.000827	-0.000031	0.703748	1.000000	0.000000	0.000000	3	0	2361.456787	22.770510	img__0_1545631851025293600.png
1545631851195	0.460013	41.718330	-0.605541	0.711371	0.001121	0.000037	0.702816	1.000000	0.000000	0.000000	3	0	2610.470459	22.640478	img__0_1545631851186383100.png
1545631851354	0.473935	43.225761	-0.605529	0.711867	0.001315	0.000153	0.702313	1.000000	0.000000	0.000000	3	0	2985.090576	22.543720	img__0_1545631851351023300.png
1545631851515	0.490517	44.727562	-0.605550	0.712133	0.001359	0.000289	0.702043	1.000000	0.000000	0.000000	3	0	3299.370850	22.486990	img__0_1545631851512551700.png
1545631851677	0.507284	46.226265	-0.605589	0.711753	0.001170	0.000301	0.702429	1.000000	0.500000	0.000000	3	0	3562.044434	22.461664	img__0_1545631851672077700.png
1545631851840	0.517739	47.723896	-0.605640	0.709438	0.000637	0.000031	0.704768	1.000000	0.000000	0.000000	3	0	3783.568359	22.465570	img__0_1545631851835487900.png
1545631851994	0.528193	49.222157	-0.605695	0.708211	0.000257	-0.000067	0.706000	1.000000	0.000000	0.000000	3	0	3973.226807	22.489861	img__0_1545631851988096600.png
1545631852147	0.535891	50.722801	-0.606473	0.707572	-0.000498	-0.000030	0.706641	1.000000	0.000000	0.000000	3	0	4138.170410	22.529064	img__0_1545631852137544500.png
1545631852287	0.540950	52.225967	-0.606992	0.707272	-0.001231	-0.000331	0.706941	1.000000	0.000000	0.000000	3	0	4284.040527	22.580751	img__0_1545631852284724300.png
1545631852439	0.544665	53.731308	-0.607220	0.707089	-0.000856	-0.001095	0.707123	1.000000	0.000000	0.000000	3	0	4412.016602	22.643951	img__0_1545631852433724700.png
1545631852591	0.547412	55.243290	-0.605591	0.706978	-0.001402	-0.000347	0.707233	1.000000	0.000000	0.000000	3	0	4527.508789	22.715117	img__0_1545631852586971300.png
1545631852735	0.549340	56.759922	-0.607455	0.706931	-0.001406	0.000664	0.707281	1.000000	0.000000	0.000000	3	0	4632.862793	22.792131	img__0_1545631852732477600.png
1545631852887	0.549906	58.280651	-0.607175	0.706935	-0.000926	0.000944	0.707277	1.000000	0.000000	0.000000	3	0	4727.802734	22.876904	img__0_1545631852881746700.png
1545631853034	0.549825	59.806141	-0.607095	0.706933	0.000046	0.000677	0.707280	1.000000	0.000000	0.000000	3	0	4813.016113	22.966965	img__0_1545631853028542000.png
1545631853179	0.548713	61.339481	-0.606275	0.706927	-0.000357	0.000930	0.707286	1.000000	0.000000	0.000000	3	0	4892.209961	23.061026	img__0_1545631853175183000.png
1545631853320	0.547393	62.878628	-0.605982	0.706916	-0.000727	0.000680	0.707296	1.000000	0.000000	0.000000	0	0	4965.940430	23.096918	img__0_1545631853312858000.png
1545631853456	0.546641	64.417671	-0.605906	0.706910	-0.000619	0.000400	0.707303	1.000000	0.000000	0.000000	0	0	4852.065918	23.073538	img__0_1545631853452070900.png
1545631853603	0.545964	65.955254	-0.605865	0.706907	-0.000496	0.000257	0.707307	1.000000	0.000000	0.000000	4	0	4323.312500	23.049946	img__0_1545631853596807600.png
1545631853733	0.545241	67.494354	-0.605926	0.706904	-0.000607	0.000399	0.707309	1.000000	0.000000	0.000000	4	0	4267.660156	23.181093	img__0_1545631853729920900.png
1545631853876	0.544455	69.042183	-0.605988	0.706900	-0.000720	0.000557	0.707313	1.000000	0.000000	0.000000	4	0	4224.000488	23.309883	img__0_1545631853868484400.png
1545631854011	0.543612	70.598457	-0.606036	0.706896	-0.000804	0.000686	0.707317	1.000000	0.000000	0.000000	4	0	4214.963379	23.414248	img__0_1545631854008429600.png
1545631854147	0.542730	72.159531	-0.600957	0.706893	0.000383	-0.000463	0.707320	1.000000	0.000000	0.000000	4	0	4192.208984	23.531878	img__0_1545631854136748600.png
1545631854276	0.541813	73.732399	-0.595239	0.706887	-0.000606	0.000557	0.707326	1.000000	0.000000	0.000000	4	0	4164.448242	23.658442	img__0_1545631854268405500.png
1545631854406	0.540859	75.311989	-0.595211	0.706880	-0.000855	0.000830	0.707332	1.000000	0.000000	0.000000	4	0	4142.784180	23.774706	img__0_1545631854399631600.png
1545631854544	0.539871	76.899002	-0.595380	0.706874	-0.000929	0.000920	0.707338	1.000000	0.000000	0.000000	4	0	4125.611816	23.888712	img__0_1545631854538629600.png
1545631854663	0.538849	78.493500	-0.595507	0.706867	-0.000954	0.000956	0.707345	1.000000	0.000000	0.000000	4	0	4112.647461	24.000614	img__0_1545631854653221500.png
1545631854792	0.537794	80.095383	-0.595599	0.706861	-0.000961	0.000972	0.707351	1.000000	0.000000	0.000000	4	0	4103.409668	24.110514	img__0_1545631854783471600.png
1545631854913	0.536707	81.704559	-0.595667	0.706854	-0.000962	0.000978	0.707358	0.000000	0.000000	0.000000	4	0	3976.503662	24.218607	img__0_1545631854908269400.png
1545631855040	0.535588	83.320747	-0.595712	0.706848	-0.000949	0.000968	0.707364	0.000000	0.000000	0.000000	4	0	3441.765869	24.309595	img__0_1545631855033743300.png
1545631855162	0.534437	84.942169	-0.595718	0.706843	-0.000867	0.000889	0.707370	-1.000000	0.000000	0.000000	-1	0	2972.186768	24.098745	img__0_1545631855155448600.png
1545631855283	0.533286	86.538025	-0.595286	0.706846	0.000303	-0.000279	0.707367	-1.000000	0.000000	0.000000	-1	0	2770.349365	23.566076	img__0_1545631855277457000.png
1545631855402	0.532154	88.108200	-0.600269	0.706858	-0.000605	0.000631	0.707355	-1.000000	0.000000	0.000000	-1	0	2867.109619	23.216898	img__0_1545631855398661800.png
1545631855529	0.531070	89.642166	-0.607135	0.706871	0.002448	-0.002414	0.707334	-1.000000	0.000000	0.000000	-1	0	2877.729004	22.717279	img__0_1545631855519262700.png
1545631855649	0.530036	91.149292	-0.605602	0.706893	0.002266	-0.002225	0.707313	-1.000000	0.000000	0.000000	-1	0	2895.528320	22.228451	img__0_1545631855646841200.png
1545631855765	0.529086	92.622490	-0.605261	0.706914	0.002538	-0.002488	0.707290	-1.000000	0.000000	0.000000	-1	0	2906.820801	21.729465	img__0_1545631855761071600.png
1545631855889	0.528230	94.062233	-0.605022	0.706935	0.002836	-0.002777	0.707267	-1.000000	0.000000	0.000000	-1	0	2915.631104	21.227058	img__0_1545631855881716700.png
1545631856010	0.527470	95.468544	-0.604835	0.706956	0.003087	-0.003018	0.707245	-1.000000	0.000000	0.000000	-1	0	2923.031982	20.722971	img__0_1545631856002206100.png
1545631856126	0.526808	96.841324	-0.604690	0.706976	0.003288	-0.003212	0.707223	-1.000000	0.000000	0.000000	-1	0	2929.203857	20.217445	img__0_1545631856119204000.png
1545631856242	0.526241	98.180458	-0.604576	0.706996	0.003448	-0.003366	0.707201	-1.000000	0.000000	0.000000	-1	0	2929.055420	19.700665	img__0_1545631856234100800.png
1545631856358	0.525231	99.486374	-0.605736	0.706952	0.002843	-0.003457	0.707247	-1.000000	0.000000	0.000000	-1	0	2941.239014	19.207954	img__0_1545631856352621600.png
1545631856477	0.525162	100.758301	-0.604527	0.707356	0.003490	-0.004127	0.706837	-1.000000	0.000000	0.000000	-1	0	2953.433350	18.713499	img__0_1545631856468459800.png
1545631856592	0.525402	101.998436	-0.605627	0.707636	0.003411	-0.004471	0.706555	-1.000000	0.000000	0.000000	-1	0	2977.111328	18.245304	img__0_1545631856584856000.png
1545631856709	0.525740	103.209747	-0.604173	0.707448	0.003014	-0.003679	0.706750	-1.000000	0.500000	0.000000	-1	0	3022.072510	17.809729	img__0_1545631856701790000.png
1545631856825	0.517267	104.392273	-0.604611	0.704583	0.002736	-0.003714	0.709607	-1.000000	0.500000	0.000000	-1	0	3089.861816	17.408129	img__0_1545631856817708200.png
1545631856941	0.491615	105.548668	-0.605647	0.698016	0.001928	-0.003848	0.716069	-1.000000	0.500000	0.000000	-1	0	3165.679688	17.010492	img__0_1545631856935630500.png
1545631857056	0.443178	106.672028	-0.604600	0.689531	0.001456	-0.005818	0.724232	-1.000000	0.500000	0.000000	-1	0	3167.930420	16.478291	img__0_1545631857051984400.png
1545631857177	0.371160	107.758614	-0.605497	0.678157	0.000853	-0.007326	0.734880	-1.000000	0.500000	0.000000	-1	0	3170.201660	15.945904	img__0_1545631857172589800.png
1545631857286	0.274699	108.808754	-0.604530	0.666231	-0.000511	-0.008559	0.745696	-1.000000	0.000000	0.000000	-1	0	3162.692627	15.413198	img__0_1545631857282388600.png
1545631857398	0.163788	109.828384	-0.604391	0.657868	-0.001782	-0.009089	0.753076	-1.000000	0.500000	0.000000	-1	0	3276.726074	15.103962	img__0_1545631857394448000.png
1545631857515	0.038783	110.818512	-0.604308	0.651606	-0.001868	-0.009778	0.758492	-1.000000	0.500000	0.000000	-1	0	3348.706299	14.720116	img__0_1545631857510591900.png
1545631857627	-0.107006	111.780121	-0.604323	0.647027	-0.002269	-0.010343	0.762394	-1.000000	0.500000	0.000000	-1	0	3434.205811	14.349125	img__0_1545631857624133500.png
1545631857741	-0.276222	112.714165	-0.604410	0.637184	-0.002819	-0.010763	0.770631	-1.000000	0.500000	0.000000	-1	0	3455.954834	13.857862	img__0_1545631857735703000.png
1545631857854	-0.467055	113.613510	-0.604486	0.626038	-0.003352	-0.011211	0.779705	-1.000000	0.500000	0.000000	-1	0	3522.894043	13.450302	img__0_1545631857849369700.png
1545631857964	-0.678848	114.480515	-0.604533	0.613910	-0.003678	-0.011602	0.789283	-1.000000	0.500000	0.000000	-1	0	3614.730713	13.091193	img__0_1545631857959746600.png
1545631858074	-0.911364	115.314522	-0.604488	0.601031	-0.003638	-0.012164	0.799125	-1.000000	0.500000	0.000000	-1	0	3643.614014	12.619032	img__0_1545631858070776200.png
1545631858193	-1.291769	116.494453	-0.604355	0.581967	-0.003160	-0.012858	0.813104	-1.000000	0.500000	0.000000	-1	0	3725.599365	12.005054	img__0_1545631858182454400.png
1545631858309	-1.565297	117.234970	-0.604293	0.570362	-0.002860	-0.013130	0.821283	0.000000	0.500000	0.000000	0	0	3818.951416	11.824727	img__0_1545631858296668100.png
1545631858454	-1.867567	117.961250	-0.604661	0.555768	-0.003908	-0.012771	0.831230	1.000000	0.500000	0.000000	0	0	3959.424072	11.804388	img__0_1545631858449943000.png
1545631858575	-2.372344	119.024994	-0.605170	0.530970	-0.005368	-0.012268	0.847285	1.000000	0.500000	0.000000	0	0	3989.956787	11.650809	img__0_1545631858566343200.png
1545631858681	-2.551761	119.368141	-0.605003	0.522542	-0.004751	-0.012752	0.852505	1.000000	0.500000	0.000000	0	0	3943.944580	11.753078	img__0_1545631858676744300.png
1545631858796	-2.933409	120.048599	-0.607518	0.505336	-0.005719	-0.012243	0.862817	1.000000	0.500000	0.000000	1	0	3651.747803	11.725831	img__0_1545631858793343900.png
1545631858897	-3.340412	120.710594	-0.607563	0.487806	-0.005952	-0.012429	0.872843	1.000000	0.500000	0.000000	1	0	3971.722900	11.622373	img__0_1545631858894396100.png
1545631859015	-3.995124	121.665840	-0.619106	0.461439	-0.013671	-0.017907	0.886886	1.000000	0.500000	0.000000	1	0	4395.861816	11.420420	img__0_1545631859008606800.png
1545631859120	-4.206232	121.965660	-0.602436	0.453995	-0.002610	-0.018753	0.890803	1.000000	0.500000	0.000000	1	0	4529.768066	11.442615	img__0_1545631859113802200.png
1545631859230	-4.657983	122.565742	-0.617094	0.429998	0.001324	-0.018344	0.902642	1.000000	0.500000	0.000000	1	0	4790.436035	11.235681	img__0_1545631859226982400.png
1545631859344	-5.134035	123.141846	-0.618449	0.401897	0.000079	-0.021140	0.915441	1.000000	0.500000	0.000000	1	0	5039.979492	11.181538	img__0_1545631859335657100.png
1545631859452	-5.641147	123.698738	-0.599194	0.378754	-0.002474	-0.010153	0.925439	1.000000	0.500000	0.000000	1	0	5277.443848	11.173370	img__0_1545631859447524500.png
1545631859560	-6.184500	124.208122	-0.600101	0.356058	-0.003202	-0.009287	0.934412	1.000000	0.500000	0.000000	1	0	5498.682617	11.197851	img__0_1545631859556683800.png
1545631859672	-6.757765	124.684517	-0.601387	0.334624	-0.003877	-0.010404	0.942286	1.000000	0.500000	0.000000	1	0	5708.193848	11.242491	img__0_1545631859668377600.png
1545631859779	-7.356596	125.132545	-0.602058	0.313712	-0.004160	-0.011430	0.949440	1.000000	0.500000	0.000000	1	0	5908.647949	11.303238	img__0_1545631859767101100.png
1545631859894	-8.300812	125.756210	-0.602821	0.282406	-0.005358	-0.013225	0.959189	1.000000	0.500000	0.000000	1	0	6196.905273	11.335322	img__0_1545631859885121100.png
1545631860059	-9.289175	126.320915	-0.604415	0.251633	-0.004705	-0.014141	0.967708	1.000000	0.500000	0.000000	1	0	6469.016113	11.534925	img__0_1545631860030548200.png
1545631860183	-9.974526	126.666168	-0.605419	0.231259	-0.004464	-0.013937	0.972782	1.000000	0.500000	0.000000	1	0	6645.019043	11.626108	img__0_1545631860180090900.png
1545631860296	-10.679615	126.984314	-0.605840	0.210812	-0.004195	-0.013929	0.977418	1.000000	0.500000	0.000000	0	0	6689.909668	11.598194	img__0_1545631860291742500.png
1545631860411	-11.394572	127.272476	-0.606789	0.190554	-0.003311	-0.013839	0.981574	1.000000	0.500000	0.000000	0	0	6536.502930	11.564707	img__0_1545631860406446400.png
1545631860523	-12.119089	127.530655	-0.607447	0.169957	-0.002633	-0.013317	0.985358	1.000000	0.500000	0.000000	2	0	5955.994629	11.533406	img__0_1545631860516781800.png
1545631860635	-12.854187	127.757172	-0.607058	0.149307	-0.002153	-0.013366	0.988698	1.000000	0.500000	0.000000	2	0	5935.125488	11.749022	img__0_1545631860627985000.png
1545631860744	-13.612066	127.956039	-0.606566	0.128555	-0.001894	-0.013735	0.991605	1.000000	0.500000	0.000000	2	0	5916.701172	11.958062	img__0_1545631860737018300.png
1545631860860	-14.391229	128.127853	-0.606718	0.107936	-0.001960	-0.013923	0.994058	1.000000	0.500000	0.000000	2	0	5905.667480	12.160131	img__0_1545631860849570700.png
1545631860970	-15.190142	128.271317	-0.606151	0.087649	-0.002257	-0.014257	0.996047	1.000000	0.500000	0.000000	2	0	5899.123047	12.358087	img__0_1545631860965764700.png
1545631861087	-16.006884	128.385162	-0.605739	0.067623	-0.002384	-0.014752	0.997599	1.000000	0.500000	0.000000	2	0	5895.710449	12.550238	img__0_1545631861082666300.png
1545631861219	-16.840269	128.469254	-0.607009	0.047577	-0.002668	-0.014623	0.998757	1.000000	0.500000	0.000000	2	0	5901.416016	12.731840	img__0_1545631861206853200.png
1545631861331	-17.688511	128.521912	-0.608331	0.027555	-0.002969	-0.014096	0.999516	1.000000	0.500000	0.000000	2	0	5914.101563	12.907534	img__0_1545631861327948400.png
1545631861457	-18.548525	128.540619	-0.607286	0.007583	-0.001991	-0.014393	0.999866	1.000000	0.500000	0.000000	2	0	5913.853516	13.092015	img__0_1545631861448506700.png
1545631861590	-19.420658	128.525330	-0.607720	0.013103	0.000850	0.014367	-0.999811	1.000000	0.000000	0.000000	2	0	5912.235352	13.285180	img__0_1545631861578570800.png
1545631861715	-20.307600	128.485886	-0.607061	0.029862	0.001134	0.013682	-0.999460	1.000000	0.000000	0.000000	2	0	5908.550781	13.492864	img__0_1545631861710854600.png
1545631861841	-21.208061	128.435471	-0.606932	0.036876	0.001424	0.012387	-0.999242	1.000000	0.000000	0.000000	2	0	5906.442383	13.703248	img__0_1545631861833289700.png
1545631861970	-22.121687	128.373978	-0.606064	0.039208	0.001614	0.011133	-0.999168	1.000000	0.000000	0.000000	2	0	5904.361816	13.915032	img__0_1545631861964136400.png
1545631862099	-23.041853	128.306488	-0.599164	0.039690	-0.002218	0.009183	-0.999167	1.000000	0.000000	0.000000	2	0	5941.881348	14.091720	img__0_1545631862095435100.png
1545631862229	-23.979990	128.234497	-0.600429	0.039675	-0.001128	0.007301	-0.999185	1.000000	0.000000	0.000000	0	0	5998.338379	14.209281	img__0_1545631862226351400.png
1545631862359	-24.919901	128.160736	-0.600570	0.039567	-0.001471	0.005563	-0.999200	1.000000	0.000000	0.000000	0	0	5860.790039	14.183076	img__0_1545631862353625100.png
1545631862486	-25.861362	128.086166	-0.595103	0.039550	0.000098	0.004126	-0.999209	1.000000	-0.500000	0.000000	3	0	5215.868652	14.173453	img__0_1545631862479667300.png
1545631862608	-26.806583	128.017578	-0.595199	0.036908	0.000937	0.002511	-0.999315	1.000000	-0.500000	0.000000	3	0	5128.912109	14.378497	img__0_1545631862605706900.png
1545631862732	-27.765678	127.964249	-0.595423	0.028867	0.001332	0.000407	-0.999582	1.000000	0.000000	0.000000	3	0	5051.912109	14.582359	img__0_1545631862729904100.png
1545631862862	-28.738997	127.918442	-0.595602	0.021528	0.001603	-0.001016	-0.999766	1.000000	0.000000	0.000000	3	0	4976.496094	14.790148	img__0_1545631862856898300.png
1545631862978	-29.726278	127.874039	-0.595729	0.018679	0.001770	-0.001671	-0.999823	1.000000	0.000000	0.000000	3	0	4906.102051	14.995737	img__0_1545631862975084800.png
1545631863105	-30.727373	127.833237	-0.595818	0.017692	0.001875	-0.001995	-0.999840	1.000000	0.000000	0.000000	3	0	4843.130371	15.196765	img__0_1545631863098260100.png
1545631863226	-31.741913	127.794746	-0.595881	0.017410	0.001939	-0.002019	-0.999845	1.000000	0.000000	0.000000	3	0	4787.421387	15.392848	img__0_1545631863220060600.png
1545631863346	-32.769550	127.757362	-0.595926	0.017371	0.001974	-0.001828	-0.999845	1.000000	0.000000	0.000000	3	0	4738.673340	15.584047	img__0_1545631863339878300.png
1545631863463	-33.809948	127.720337	-0.595958	0.017402	0.001991	-0.001528	-0.999845	1.000000	0.000000	0.000000	3	0	4696.545898	15.770605	img__0_1545631863454628800.png
1545631863581	-34.862804	127.683296	-0.595980	0.017443	0.001995	-0.001203	-0.999845	1.000000	0.000000	0.000000	3	0	4660.657715	15.952805	img__0_1545631863575366300.png
1545631863696	-35.927822	127.646011	-0.595996	0.017476	0.001991	-0.000903	-0.999845	1.000000	0.000000	0.000000	3	0	4630.593750	16.130947	img__0_1545631863691447100.png
1545631863820	-37.004734	127.608376	-0.596004	0.017500	0.001981	-0.000651	-0.999845	1.000000	0.000000	0.000000	3	0	4605.936523	16.305313	img__0_1545631863813408800.png
1545631863930	-38.093296	127.570351	-0.596010	0.017516	0.001967	-0.000453	-0.999844	1.000000	0.000000	0.000000	3	0	4586.276855	16.476187	img__0_1545631863927112000.png
1545631864048	-39.198303	127.531723	-0.603142	0.017527	0.005559	-0.000241	-0.999831	1.000000	-0.500000	0.000000	3	0	4601.887207	16.612787	img__0_1545631864043991800.png
1545631864161	-40.306637	127.497810	-0.601653	0.015557	0.004573	-0.000518	-0.999868	1.000000	-0.500000	0.000000	3	0	4597.309082	16.768303	img__0_1545631864157503100.png
1545631864277	-41.422966	127.476151	-0.609877	0.009791	0.001531	-0.001689	-0.999949	1.000000	0.000000	0.000000	3	0	4587.163574	16.934662	img__0_1545631864271576000.png
1545631864388	-42.555008	127.454353	-0.608176	0.006222	0.002147	-0.002214	-0.999976	1.000000	0.000000	0.000000	3	0	4581.237793	17.097383	img__0_1545631864382655200.png
1545631864499	-43.695930	127.436943	-0.609039	0.004759	0.001287	-0.002893	-0.999984	0.000000	0.000000	0.000000	3	0	4191.808105	17.253656	img__0_1545631864496022500.png
1545631864612	-44.847786	127.422058	-0.607686	0.004164	0.001074	-0.003016	-0.999986	0.000000	0.000000	0.000000	3	0	3529.137451	17.377260	img__0_1545631864606374800.png
1545631864725	-46.007626	127.409500	-0.607279	0.003970	0.001244	-0.002755	-0.999988	1.000000	0.000000	0.000000	0	0	3483.461914	17.383085	img__0_1545631864715890500.png
1545631864830	-47.166836	127.398132	-0.606143	0.003878	0.001327	-0.001987	-0.999990	1.000000	0.000000	0.000000	0	0	3403.582520	17.369791	img__0_1545631864825663900.png
1545631864943	-48.324390	127.388336	-0.606125	0.003844	0.000970	-0.001409	-0.999991	1.000000	0.000000	0.000000	2	0	3170.517578	17.354307	img__0_1545631864930108900.png
1545631865048	-49.479885	127.379242	-0.606006	0.003829	0.000611	-0.001019	-0.999992	1.000000	0.000000	0.000000	2	0	3468.449219	17.311066	img__0_1545631865044762300.png
1545631865162	-50.633373	127.370377	-0.605909	0.003835	0.000420	-0.000746	-0.999992	1.000000	0.000000	0.000000	2	0	3725.795410	17.303223	img__0_1545631865156123000.png
1545631865276	-51.787033	127.361572	-0.605912	0.003838	0.000399	-0.000522	-0.999992	1.000000	0.000000	0.000000	2	0	3951.366943	17.321541	img__0_1545631865269252700.png
1545631865381	-52.942390	127.352768	-0.605891	0.003822	0.000456	-0.000377	-0.999992	1.000000	0.000000	0.000000	2	0	4152.052734	17.360374	img__0_1545631865377335000.png
1545631865495	-54.100609	127.343964	-0.605922	0.003818	0.000500	-0.000254	-0.999992	1.000000	0.000000	0.000000	2	0	4332.727051	17.415545	img__0_1545631865492632500.png
1545631865598	-55.257729	127.335190	-0.598858	0.003817	-0.003029	-0.000187	-0.999988	1.000000	0.000000	0.000000	2	0	4500.183594	17.483381	img__0_1545631865592153600.png
1545631865705	-56.425575	127.326332	-0.600334	0.003817	-0.002014	-0.000130	-0.999991	1.000000	0.000000	0.000000	2	0	4653.208496	17.561060	img__0_1545631865699120500.png
1545631865810	-57.602768	127.317398	-0.593692	0.003820	0.001924	-0.000079	-0.999991	1.000000	0.000000	0.000000	2	0	4794.038574	17.644848	img__0_1545631865807457600.png
1545631865919	-58.779682	127.308456	-0.595105	0.003826	0.001183	-0.000058	-0.999992	1.000000	0.000000	0.000000	2	0	4922.522949	17.739948	img__0_1545631865913640400.png
1545631866025	-59.963909	127.299423	-0.595299	0.003832	0.001062	-0.000043	-0.999992	1.000000	0.000000	0.000000	2	0	5042.685059	17.842754	img__0_1545631866016159300.png
1545631866132	-61.753601	127.285751	-0.595471	0.003841	0.001077	-0.000030	-0.999992	1.000000	0.000000	0.000000	2	0	5155.674805	17.951105	img__0_1545631866128501700.png
1545631866231	-62.353943	127.281151	-0.595531	0.003844	0.001139	-0.000027	-0.999992	1.000000	0.000000	0.000000	2	0	5262.306641	18.064108	img__0_1545631866226466700.png
1545631866343	-63.560219	127.271881	-0.595614	0.003851	0.001197	-0.000023	-0.999992	1.000000	0.000000	0.000000	2	0	5363.294434	18.181126	img__0_1545631866332034100.png
1545631866440	-64.774292	127.264366	-0.595680	0.003107	0.001247	-0.000165	-0.999994	1.000000	-0.500000	0.000000	0	0	5429.269043	18.210964	img__0_1545631866432576400.png
1545631866539	-65.988037	127.264122	-0.595631	0.000132	-0.000930	0.000628	0.999999	1.000000	0.000000	0.000000	0	0	5304.770996	18.195700	img__0_1545631866531407000.png
1545631866634	-67.200714	127.263809	-0.595595	0.001573	-0.000693	0.000769	0.999998	1.000000	0.000000	0.000000	3	0	4793.085449	18.179064	img__0_1545631866630412800.png
1545631866742	-68.415581	127.265633	-0.595666	0.002210	-0.000861	0.000879	0.999997	1.000000	0.000000	0.000000	3	0	4791.144043	18.335911	img__0_1545631866738802000.png
1545631866836	-69.640862	127.269249	-0.595738	0.002454	-0.001060	0.000921	0.999996	1.000000	0.500000	0.000000	3	0	4792.884277	18.488949	img__0_1545631866831833300.png
1545631866937	-70.876099	127.267349	-0.595789	0.000137	0.001208	-0.000409	-0.999999	1.000000	0.500000	0.000000	3	0	4796.679199	18.634930	img__0_1545631866931459100.png
1545631867036	-72.122200	127.251442	-0.600875	0.007283	0.002979	0.000713	-0.999969	0.000000	0.000000	0.000000	3	0	4691.281738	18.766302	img__0_1545631867031453200.png
1545631867140	-73.374825	127.235718	-0.606191	0.011157	0.002532	-0.000130	-0.999935	0.000000	0.000000	0.000000	3	0	4073.917725	18.900320	img__0_1545631867130748600.png
1545631867239	-74.635559	127.212631	-0.607953	0.013321	0.001980	0.000548	-0.999909	0.000000	0.000000	0.000000	3	0	3466.467773	18.988207	img__0_1545631867230544200.png
1545631867335	-75.899658	127.184624	-0.607912	0.014359	0.000256	0.000909	-0.999896	0.000000	0.000000	0.000000	3	0	2997.020752	19.024649	img__0_1545631867330442400.png
1545631867428	-77.167480	127.152679	-0.607589	0.014915	0.000295	0.000971	-0.999888	0.000000	0.000000	0.000000	3	0	2648.673096	19.008656	img__0_1545631867424901300.png
1545631867536	-78.433853	127.117226	-0.606054	0.015176	0.000645	0.001496	-0.999883	0.000000	0.000000	0.000000	3	0	2392.483643	18.952711	img__0_1545631867530172200.png
1545631867641	-79.695137	127.082695	-0.606015	0.014524	0.000320	0.001484	-0.999893	0.000000	-0.500000	0.000000	3	0	2199.542969	18.868752	img__0_1545631867632480900.png
1545631867739	-80.950684	127.055016	-0.605900	0.011235	0.000039	0.000857	-0.999937	0.000000	0.000000	0.000000	3	0	2057.488281	18.765505	img__0_1545631867731777700.png
1545631867839	-82.199142	127.027016	-0.605797	0.009703	-0.000217	0.000456	-0.999953	1.000000	0.000000	0.000000	3	0	1999.939453	18.648067	img__0_1545631867831748800.png
1545631867937	-83.440720	127.000626	-0.607170	0.008981	0.000262	0.000467	-0.999960	1.000000	0.000000	0.000000	3	0	2144.240967	18.534126	img__0_1545631867933088200.png
1545631868038	-84.674126	126.976509	-0.606891	0.008661	0.000015	0.000469	-0.999962	1.000000	0.000000	0.000000	0	0	2229.558350	18.500723	img__0_1545631868030275400.png
1545631868135	-85.905273	126.953880	-0.607111	0.008574	-0.000899	0.000413	-0.999963	1.000000	0.000000	0.000000	0	0	2178.432373	18.477390	img__0_1545631868131641400.png
1545631868238	-87.136436	126.931900	-0.606916	0.008533	-0.000837	0.000533	-0.999963	1.000000	0.000000	0.000000	2	0	2077.196045	18.457518	img__0_1545631868231311900.png
1545631868339	-88.363602	126.911339	-0.605597	0.008506	-0.000718	-0.000114	-0.999964	1.000000	0.000000	0.000000	2	0	2529.361328	18.278746	img__0_1545631868331510200.png
1545631868435	-89.580368	126.890907	-0.606868	0.008447	-0.000173	-0.000756	-0.999964	0.000000	0.000000	0.000000	2	0	2625.583008	18.147055	img__0_1545631868427444900.png
1545631868533	-90.787209	126.869843	-0.606058	0.008475	-0.000639	-0.000905	-0.999963	-1.000000	0.000000	0.000000	-1	0	2311.485596	18.014961	img__0_1545631868529360700.png
1545631868633	-91.977547	126.849571	-0.606624	0.008520	-0.002224	-0.001139	-0.999960	-1.000000	0.000000	0.000000	-1	0	2048.632324	17.522575	img__0_1545631868626853900.png
1545631868734	-93.136940	126.829277	-0.605518	0.008520	-0.002622	-0.001033	-0.999960	-1.000000	0.000000	0.000000	-1	0	2019.811157	17.040575	img__0_1545631868726858300.png
1545631868828	-94.263992	126.809349	-0.604853	0.008461	-0.003149	-0.000487	-0.999959	-1.000000	0.000000	0.000000	-1	0	2044.245728	16.555183	img__0_1545631868825469400.png
1545631868928	-95.358757	126.790756	-0.604704	0.008433	-0.003630	-0.000263	-0.999958	-1.000000	0.000000	0.000000	-1	0	2067.661865	16.068996	img__0_1545631868923930100.png
1545631869024	-96.421181	126.772911	-0.604602	0.008414	-0.004029	-0.000160	-0.999956	-1.000000	0.000000	0.000000	-1	0	2089.132813	15.580332	img__0_1545631869020001700.png
1545631869123	-97.451088	126.755653	-0.604520	0.008391	-0.004350	-0.000110	-0.999955	-1.000000	0.000000	0.000000	-1	0	2108.730713	15.089343	img__0_1545631869119022300.png
1545631869222	-98.448311	126.738960	-0.604455	0.008365	-0.004608	-0.000086	-0.999954	-1.000000	0.000000	0.000000	-1	0	2126.442871	14.596049	img__0_1545631869212655900.png
1545631869323	-99.882530	126.715019	-0.604385	0.008327	-0.004881	-0.000074	-0.999953	-1.000000	0.000000	0.000000	-1	0	2149.637207	13.846785	img__0_1545631869315533200.png
1545631869422	-100.343895	126.707329	-0.604357	0.008315	-0.004992	-0.000074	-0.999953	-1.000000	0.000000	0.000000	-1	0	2156.015625	13.602941	img__0_1545631869414679400.png
1545631869519	-101.241844	126.692390	-0.604317	0.008290	-0.005144	-0.000076	-0.999952	-1.000000	0.000000	0.000000	-1	0	2167.727539	13.103924	img__0_1545631869513392300.png
1545631869617	-102.106255	126.678047	-0.604280	0.008267	-0.005287	-0.000079	-0.999952	-1.000000	0.000000	0.000000	-1	0	2177.234131	12.604429	img__0_1545631869613548900.png
1545631869717	-102.936852	126.664291	-0.604241	0.008244	-0.005440	-0.000082	-0.999951	-1.000000	0.000000	0.000000	-1	0	2184.377686	12.104645	img__0_1545631869713321900.png
1545631869826	-104.120468	126.644760	-0.604285	0.008211	-0.005250	-0.000083	-0.999952	-1.000000	0.500000	0.000000	-1	0	2195.456055	11.270996	img__0_1545631869820893500.png
1545631869964	-104.865776	126.627319	-0.604881	0.010299	-0.004988	0.000174	-0.999934	-1.000000	0.500000	0.000000	-1	0	2205.794434	10.753143	img__0_1545631869961277700.png
1545631870072	-105.919830	126.575424	-0.604119	0.023191	-0.005578	0.001889	-0.999714	-1.000000	0.000000	0.000000	-1	0	2282.930908	10.348402	img__0_1545631870063081400.png
1545631870172	-106.258667	126.551620	-0.604273	0.028851	-0.005211	0.002458	-0.999567	-1.000000	0.000000	0.000000	-1	0	2281.278809	9.822523	img__0_1545631870163221200.png
1545631870273	-106.907173	126.507286	-0.604520	0.034090	-0.005273	0.002562	-0.999402	-1.000000	0.000000	0.000000	-1	0	2295.638428	9.319163	img__0_1545631870264444900.png
1545631870368	-107.529381	126.465439	-0.604802	0.033713	-0.004463	0.002065	-0.999419	0.000000	0.000000	0.000000	0	0	2481.894531	9.021613	img__0_1545631870365348600.png
1545631870475	-108.438461	126.405525	-0.604502	0.032524	-0.004495	0.001429	-0.999460	1.000000	0.000000	0.000000	0	0	2888.402100	9.269267	img__0_1545631870469876100.png
1545631870572	-108.750069	126.385124	-0.605138	0.032451	-0.002036	0.001283	-0.999470	1.000000	0.000000	0.000000	0	0	3030.206787	9.037557	img__0_1545631870567369700.png
1545631870675	-109.359863	126.345352	-0.605355	0.032457	-0.001311	0.000899	-0.999472	1.000000	0.000000	0.000000	0	0	3311.666504	9.013610	img__0_1545631870666967100.png
1545631870768	-109.968109	126.305702	-0.605519	0.032407	-0.000754	0.000609	-0.999474	1.000000	0.000000	0.000000	0	0	3590.285645	9.021436	img__0_1545631870763029300.png
1545631870870	-110.576393	126.266083	-0.605643	0.032447	-0.000342	0.000397	-0.999473	1.000000	0.000000	0.000000	0	0	3866.091553	8.995845	img__0_1545631870862160200.png
1545631870967	-111.183182	126.226570	-0.605739	0.032410	-0.000015	0.000252	-0.999475	1.000000	0.000000	0.000000	0	0	4139.113770	9.003601	img__0_1545631870963889800.png
1545631871075	-112.086052	126.167831	-0.605270	0.032419	-0.001756	0.000051	-0.999473	1.000000	0.000000	0.000000	0	0	4543.488770	9.216202	img__0_1545631871069714000.png
1545631871214	-112.691811	126.128433	-0.605334	0.032443	-0.001524	0.000003	-0.999472	1.000000	0.500000	0.000000	0	0	4809.672852	9.211501	img__0_1545631871211337300.png
1545631871320	-113.295776	126.081375	-0.605349	0.035490	-0.001487	0.000488	-0.999369	1.000000	0.500000	0.000000	0	0	5073.169922	9.178057	img__0_1545631871313483600.png
1545631871424	-113.897156	126.016899	-0.605391	0.044576	-0.001388	0.001741	-0.999004	1.000000	0.500000	0.000000	0	0	5334.036621	9.147141	img__0_1545631871414214600.png
1545631871519	-114.492691	125.928207	-0.605383	0.060190	-0.001551	0.003586	-0.998179	1.000000	0.500000	0.000000	0	0	5211.721680	9.102850	img__0_1545631871513734900.png
1545631871619	-115.082016	125.814384	-0.605406	0.079864	-0.001682	0.005475	-0.996789	1.000000	0.500000	0.000000	0	0	5092.211426	9.084605	img__0_1545631871613098500.png
1545631871720	-115.663994	125.677055	-0.605389	0.100772	-0.002001	0.007032	-0.994883	1.000000	0.000000	0.000000	1	0	4892.705566	9.026410	img__0_1545631871713147100.png
1545631871829	-116.543953	125.457611	-0.605915	0.118956	-0.000136	0.006843	-0.992876	1.000000	0.000000	0.000000	1	0	5192.394531	9.051753	img__0_1545631871825107200.png
1545631871971	-117.136894	125.313141	-0.606009	0.120781	0.000302	0.005570	-0.992663	1.000000	0.000000	0.000000	1	0	5374.816406	9.191127	img__0_1545631871963604300.png
1545631872075	-117.737396	125.162186	-0.606081	0.122245	0.000632	0.004615	-0.992489	1.000000	0.500000	0.000000	1	0	5554.146973	9.300064	img__0_1545631872071795300.png
1545631872179	-118.340897	124.994476	-0.606126	0.129129	0.000744	0.004592	-0.991617	1.000000	0.500000	0.000000	1	0	5730.982910	9.423682	img__0_1545631872173809600.png
1545631872287	-118.945282	124.802696	-0.606143	0.142486	0.000614	0.005439	-0.989782	1.000000	0.500000	0.000000	1	0	5905.528809	9.518088	img__0_1545631872279253500.png
1545631872389	-119.549164	124.586411	-0.606180	0.159721	0.000507	0.006499	-0.987141	1.000000	0.500000	0.000000	1	0	6070.770508	9.666569	img__0_1545631872386371300.png
1545631872505	-120.153358	124.345528	-0.607128	0.178158	0.000667	0.007527	-0.983973	1.000000	0.500000	0.000000	1	0	6234.411621	9.773765	img__0_1545631872497417400.png
1545631872618	-120.753105	124.074478	-0.608534	0.199221	0.000719	0.009006	-0.979913	1.000000	0.500000	0.000000	1	0	6395.270508	9.911275	img__0_1545631872608126200.png
1545631872723	-121.348618	123.774994	-0.608602	0.220883	0.000403	0.010217	-0.975247	1.000000	0.500000	0.000000	1	0	6551.682617	10.043359	img__0_1545631872717359600.png
1545631872830	-121.938515	123.446480	-0.608588	0.242654	-0.000001	0.011201	-0.970048	1.000000	0.500000	0.000000	1	0	6705.018066	10.183176	img__0_1545631872826574700.png
1545631872955	-122.806976	122.900620	-0.610756	0.274944	-0.002367	0.011654	-0.961387	1.000000	0.500000	0.000000	1	0	6855.372559	10.326095	img__0_1545631872949197300.png
1545631873063	-123.095535	122.701508	-0.611015	0.285832	-0.001871	0.012222	-0.958200	1.000000	0.500000	0.000000	1	0	7003.286621	10.463932	img__0_1545631873059388400.png
1545631873183	-123.660805	122.283897	-0.610955	0.307037	-0.002269	0.012783	-0.951609	1.000000	0.500000	0.000000	0	0	7042.283691	10.439457	img__0_1545631873177995300.png
1545631873310	-124.206726	121.844772	-0.610844	0.327609	-0.002878	0.012995	-0.944720	1.000000	0.500000	0.000000	0	0	6880.796875	10.429025	img__0_1545631873300085100.png
1545631873428	-124.732910	121.385216	-0.609590	0.347488	-0.003687	0.012392	-0.937595	1.000000	0.500000	0.000000	2	0	6264.830566	10.391505	img__0_1545631873421369500.png
1545631873562	-125.238075	120.903252	-0.607966	0.367096	-0.004830	0.012285	-0.930089	1.000000	0.500000	0.000000	2	0	6218.090332	10.626619	img__0_1545631873544520900.png
1545631873671	-125.733055	120.386452	-0.608351	0.387543	-0.004855	0.012862	-0.921749	1.000000	0.500000	0.000000	2	0	6181.824219	10.855552	img__0_1545631873662410800.png
1545631873793	-126.217857	119.839088	-0.606957	0.407961	-0.004058	0.012881	-0.912900	1.000000	0.500000	0.000000	2	0	6149.796387	11.087857	img__0_1545631873787113800.png
1545631873921	-126.687866	119.259666	-0.605764	0.427795	-0.003668	0.013329	-0.903770	1.000000	0.500000	0.000000	2	0	6124.725586	11.301964	img__0_1545631873912508100.png
1545631874050	-127.141335	118.650917	-0.606123	0.447137	-0.004243	0.013609	-0.894352	1.000000	0.500000	0.000000	2	0	6102.548828	11.516133	img__0_1545631874045231600.png
1545631874179	-127.578087	118.012695	-0.606203	0.465834	-0.004623	0.013763	-0.884753	1.000000	0.500000	0.000000	2	0	6083.208496	11.726397	img__0_1545631874173797200.png
1545631874321	-127.996742	117.345039	-0.607603	0.484082	-0.004297	0.014036	-0.874899	1.000000	0.500000	0.000000	2	0	6067.409668	11.929413	img__0_1545631874317005600.png
1545631874477	-128.395432	116.650154	-0.608845	0.501660	-0.004216	0.014206	-0.864938	1.000000	0.500000	0.000000	2	0	6057.376953	12.133066	img__0_1545631874463380100.png
1545631874613	-128.773102	115.929161	-0.608754	0.518774	-0.004586	0.014189	-0.854782	1.000000	0.500000	0.000000	2	0	6046.563965	12.335232	img__0_1545631874610138500.png
1545631874763	-129.127914	115.183197	-0.610232	0.535640	-0.005505	0.013363	-0.844323	1.000000	0.500000	0.000000	2	0	6036.761230	12.535521	img__0_1545631874759896200.png
1545631874914	-129.458237	114.411179	-0.610639	0.552529	-0.006222	0.013071	-0.833368	1.000000	0.500000	0.000000	2	0	6033.005371	12.729759	img__0_1545631874910576200.png
1545631875065	-129.763458	113.614578	-0.610379	0.569369	-0.006466	0.012911	-0.821955	1.000000	0.500000	0.000000	2	0	6033.713379	12.918530	img__0_1545631875061688200.png
1545631875224	-130.041489	112.795166	-0.609705	0.585923	-0.006575	0.012450	-0.810244	1.000000	0.500000	0.000000	2	0	6035.454102	13.106123	img__0_1545631875220954500.png
1545631875382	-130.288925	111.953239	-0.608476	0.602598	-0.007196	0.012467	-0.797915	1.000000	0.500000	0.000000	0	0	6090.371582	13.194050	img__0_1545631875376816900.png
1545631875550	-130.503525	111.101257	-0.608977	0.619362	-0.007804	0.011807	-0.784978	1.000000	0.500000	0.000000	0	0	5950.712891	13.154831	img__0_1545631875544663600.png
1545631875710	-130.681778	110.241386	-0.610327	0.636309	-0.007281	0.012445	-0.771300	1.000000	0.500000	0.000000	3	0	5310.576660	13.114285	img__0_1545631875704969500.png
1545631875874	-130.822983	109.372261	-0.612366	0.652692	-0.006613	0.013907	-0.757466	1.000000	0.500000	0.000000	3	0	5213.540527	13.306011	img__0_1545631875870428200.png
1545631876043	-130.932190	108.489174	-0.614407	0.668159	-0.006724	0.013216	-0.743871	1.000000	0.500000	0.000000	3	0	5172.141602	13.466292	img__0_1545631876040646600.png
1545631876219	-131.006546	107.593727	-0.615732	0.682703	-0.007790	0.010958	-0.730572	1.000000	0.500000	0.000000	3	0	5104.193359	13.647193	img__0_1545631876213083700.png
1545631876393	-131.041809	106.684975	-0.614388	0.697444	-0.010815	0.009418	-0.716495	1.000000	0.500000	0.000000	3	0	5021.800293	13.836214	img__0_1545631876389303800.png
1545631876584	-131.044006	105.758575	-0.613960	0.713626	-0.010042	0.009104	-0.700395	1.000000	0.500000	0.000000	3	0	4955.247559	14.012443	img__0_1545631876576304600.png
1545631876760	-131.003662	104.820068	-0.610017	0.729336	-0.009733	0.010765	-0.684002	1.000000	0.500000	0.000000	3	0	4905.107910	14.181978	img__0_1545631876756903800.png
1545631876953	-130.920837	103.875381	-0.606691	0.744010	-0.011323	0.011921	-0.667967	1.000000	0.500000	0.000000	3	0	4890.154785	14.322386	img__0_1545631876946234400.png
1545631877147	-130.802490	102.927605	-0.601950	0.757391	-0.013483	0.010991	-0.652730	1.000000	0.500000	0.000000	3	0	4860.081543	14.466716	img__0_1545631877140288800.png
1545631877343	-130.644592	101.973015	-0.599990	0.770838	-0.013793	0.011445	-0.636780	1.000000	0.500000	0.000000	3	0	4827.494141	14.613981	img__0_1545631877337866400.png
1545631877538	-130.445496	101.014023	-0.594237	0.784674	-0.013293	0.013519	-0.619618	1.000000	0.000000	0.000000	3	0	4790.835449	14.771150	img__0_1545631877535523100.png
1545631877751	-130.211929	100.054565	-0.595047	0.795573	-0.013224	0.012742	-0.605580	1.000000	0.000000	0.000000	3	0	4738.606934	14.959041	img__0_1545631877748073000.png
1545631877956	-129.957809	99.086578	-0.595295	0.800742	-0.012088	0.011660	-0.598773	1.000000	0.000000	0.000000	3	0	4688.775879	15.150649	img__0_1545631877950470400.png
1545631878165	-129.684326	98.110542	-0.595481	0.802702	-0.010586	0.010485	-0.596195	1.000000	-0.500000	0.000000	3	0	4644.776367	15.339733	img__0_1545631878161400900.png
1545631878364	-129.402985	97.123642	-0.595618	0.801730	-0.008421	0.008910	-0.597561	1.000000	-0.500000	0.000000	3	0	4610.821777	15.516677	img__0_1545631878361525000.png
1545631878571	-129.129211	96.122574	-0.595726	0.796785	-0.005474	0.006769	-0.604200	1.000000	-0.500000	0.000000	3	0	4591.207031	15.672189	img__0_1545631878564994600.png
1545631878817	-128.876465	95.105820	-0.595811	0.787591	-0.001970	0.004107	-0.616182	1.000000	-0.500000	0.000000	3	0	4583.112793	15.809061	img__0_1545631878768892300.png
1545631878970	-128.652542	94.073242	-0.595890	0.775205	0.001586	0.001259	-0.631706	1.000000	-0.500000	0.000000	3	0	4578.479492	15.940936	img__0_1545631878967066000.png
1545631879165	-128.462067	93.025543	-0.595943	0.761095	0.004800	-0.001556	-0.648621	1.000000	0.000000	0.000000	3	0	4573.045898	16.075773	img__0_1545631879159231500.png
1545631879354	-128.299347	91.963432	-0.595990	0.748726	0.007098	-0.003653	-0.662832	1.000000	0.000000	0.000000	3	0	4557.782715	16.233894	img__0_1545631879348231900.png
1545631879538	-128.152130	90.888153	-0.596006	0.742282	0.008119	-0.004668	-0.670022	1.000000	-0.500000	0.000000	3	0	4545.925781	16.393799	img__0_1545631879535087000.png
1545631879727	-128.028030	89.799782	-0.596012	0.737783	0.008785	-0.005425	-0.674959	1.000000	0.000000	0.000000	3	0	4540.200195	16.550232	img__0_1545631879722118200.png
1545631879908	-127.917931	88.699120	-0.596010	0.735303	0.008698	-0.005395	-0.677662	0.000000	0.000000	0.000000	3	0	4147.513184	16.710371	img__0_1545631879905415600.png
1545631880097	-127.817848	87.584763	-0.599571	0.734345	0.009847	-0.004108	-0.678693	0.000000	-0.500000	0.000000	3	0	3490.350830	16.831276	img__0_1545631880093171200.png
1545631880276	-127.726265	86.464859	-0.601301	0.732798	0.008896	-0.002987	-0.680381	0.000000	-0.500000	0.000000	0	0	3410.313232	16.838770	img__0_1545631880272662700.png
1545631880457	-127.657829	85.344170	-0.602804	0.727206	0.009145	-0.002742	-0.686353	0.000000	0.000000	0.000000	0	0	3332.111572	16.814445	img__0_1545631880453688200.png
1545631880634	-127.599937	84.227715	-0.607808	0.721564	0.007273	-0.004149	-0.692297	0.000000	0.000000	0.000000	2	0	3103.744629	16.791224	img__0_1545631880626852200.png
1545631880808	-127.547623	83.112976	-0.607875	0.718982	0.005221	-0.005222	-0.694989	0.000000	0.000000	0.000000	2	0	2782.278320	16.733276	img__0_1545631880802896800.png
1545631880977	-127.504967	81.999725	-0.607467	0.717264	0.004791	-0.005076	-0.696766	0.000000	-0.500000	0.000000	2	0	2529.649658	16.641161	img__0_1545631880974435800.png
1545631881153	-127.474350	80.892067	-0.605854	0.714473	0.004445	-0.004260	-0.699636	0.000000	0.000000	0.000000	2	0	2334.964355	16.523750	img__0_1545631881144245600.png
1545631881319	-127.447861	79.793358	-0.605866	0.713316	0.003426	-0.003790	-0.700824	1.000000	0.000000	0.000000	2	0	2336.987549	16.392818	img__0_1545631881314089900.png
1545631881494	-127.425606	78.703041	-0.605763	0.712836	0.002628	-0.003337	-0.701318	1.000000	0.000000	0.000000	2	0	2553.270996	16.271677	img__0_1545631881488609600.png
1545631881657	-127.406090	77.620102	-0.605700	0.712641	0.001986	-0.002848	-0.701520	1.000000	0.000000	0.000000	2	0	2908.050049	16.184389	img__0_1545631881653730600.png
1545631881830	-127.388100	76.541908	-0.605877	0.712555	0.001535	-0.002212	-0.701611	1.000000	0.000000	0.000000	2	0	3213.218506	16.138548	img__0_1545631881825547400.png
1545631881993	-127.370621	75.465530	-0.606981	0.712503	0.001166	-0.001039	-0.701667	1.000000	0.000000	0.000000	2	0	3475.411621	16.130119	img__0_1545631881989662100.png
1545631882164	-127.354073	74.389824	-0.607034	0.712493	0.000679	-0.000414	-0.701679	1.000000	0.000000	0.000000	2	0	3703.226807	16.149273	img__0_1545631882158438500.png
1545631882329	-127.339401	73.314224	-0.606784	0.712045	-0.000565	-0.000878	-0.702134	1.000000	-0.500000	0.000000	2	0	3906.030273	16.186913	img__0_1545631882324906800.png
1545631882499	-127.332764	72.233482	-0.606971	0.709627	-0.000137	-0.000618	-0.704577	1.000000	0.000000	0.000000	2	0	4087.196289	16.245861	img__0_1545631882492977100.png
1545631882666	-127.326012	71.152885	-0.598430	0.708576	-0.001716	-0.002644	-0.705627	1.000000	-0.500000	0.000000	2	0	4254.869629	16.315706	img__0_1545631882659408900.png
1545631882826	-127.326836	70.062935	-0.600209	0.706376	-0.000534	-0.002552	-0.707832	1.000000	-0.500000	0.000000	2	0	4411.157715	16.386688	img__0_1545631882820358100.png
1545631882987	-127.340424	68.963936	-0.593604	0.701469	0.002877	-0.000400	-0.712694	1.000000	0.000000	0.000000	2	0	4550.398926	16.475498	img__0_1545631882984812000.png
1545631883147	-127.356201	67.864876	-0.595041	0.698845	0.002517	-0.001049	-0.715268	1.000000	0.000000	0.000000	2	0	4676.806152	16.575464	img__0_1545631883142190200.png
1545631883310	-127.377266	66.758247	-0.595256	0.697733	0.002537	-0.001196	-0.716352	1.000000	0.000000	0.000000	2	0	4794.977051	16.683346	img__0_1545631883305495500.png
1545631883469	-127.402802	65.644249	-0.595399	0.697310	0.002549	-0.001133	-0.716764	1.000000	0.500000	0.000000	2	0	4906.659180	16.795626	img__0_1545631883463470300.png
1545631883628	-127.424232	64.522697	-0.595506	0.699150	0.002101	-0.000578	-0.714972	1.000000	0.000000	0.000000	0	0	4980.150391	16.816004	img__0_1545631883624901500.png
1545631883802	-127.445709	63.401596	-0.595510	0.700626	0.001553	-0.000368	-0.713527	1.000000	0.000000	0.000000	0	0	4865.950684	16.802702	img__0_1545631883795540400.png
1545631883951	-127.466660	62.281483	-0.595507	0.701232	0.001074	-0.000164	-0.712932	1.000000	0.000000	0.000000	3	0	4402.580566	16.787928	img__0_1545631883941883300.png
1545631884112	-127.486366	61.159393	-0.595592	0.701479	0.000896	0.000245	-0.712690	1.000000	0.000000	0.000000	3	0	4409.922363	16.944664	img__0_1545631884108074200.png
1545631884269	-127.505333	60.026901	-0.595678	0.701571	0.000833	0.000597	-0.712599	1.000000	0.000000	0.000000	3	0	4418.482910	17.097944	img__0_1545631884265069700.png
1545631884434	-127.523865	58.884281	-0.595749	0.701602	0.000834	0.000844	-0.712568	1.000000	0.000000	0.000000	3	0	4429.130371	17.249533	img__0_1545631884425901100.png
1545631884585	-127.542213	57.731655	-0.595804	0.701610	0.000870	0.000998	-0.712560	1.000000	0.000000	0.000000	3	0	4441.609375	17.399580	img__0_1545631884582138900.png
1545631884742	-127.560524	56.569115	-0.595845	0.701611	0.000922	0.001086	-0.712559	1.000000	0.000000	0.000000	3	0	4455.717285	17.548193	img__0_1545631884738956700.png
1545631884897	-127.578926	55.391792	-0.602998	0.701605	0.003541	0.003659	-0.712548	1.000000	0.000000	0.000000	3	0	4495.898438	17.670422	img__0_1545631884891740900.png
1545631885050	-127.597290	54.212124	-0.601540	0.701606	0.002920	0.003018	-0.712553	1.000000	0.000000	0.000000	3	0	4511.002930	17.820860	img__0_1545631885045932000.png
1545631885201	-127.616226	53.025566	-0.609673	0.701616	0.001018	0.000559	-0.712555	1.000000	0.000000	0.000000	3	0	4525.737793	17.970793	img__0_1545631885195201900.png
1545631885350	-127.635017	51.824276	-0.608053	0.701625	0.001756	0.000818	-0.712544	1.000000	0.000000	0.000000	3	0	4545.523438	18.115292	img__0_1545631885346192500.png
1545631885501	-127.653656	50.615585	-0.608048	0.701636	0.001170	0.000038	-0.712534	1.000000	0.000000	0.000000	3	0	4561.771484	18.260805	img__0_1545631885498004800.png
1545631885661	-127.672409	49.395733	-0.607746	0.701644	0.001424	0.000034	-0.712526	1.000000	0.000000	0.000000	3	0	4581.001953	18.404520	img__0_1545631885652066600.png
1545631885807	-127.690369	48.165928	-0.606427	0.701650	0.001327	0.000814	-0.712520	1.000000	0.000000	0.000000	3	0	4600.981934	18.547201	img__0_1545631885803926500.png
1545631885968	-127.709351	46.927185	-0.606368	0.701668	0.001210	0.001054	-0.712503	1.000000	0.000000	0.000000	3	0	4621.802734	18.688145	img__0_1545631885960411200.png
1545631886120	-127.728638	45.679119	-0.606335	0.701678	0.001161	0.001142	-0.712493	1.000000	0.000000	0.000000	3	0	4643.186035	18.828407	img__0_1545631886113735800.png
1545631886271	-127.748032	44.421719	-0.606309	0.701683	0.001143	0.001175	-0.712487	1.000000	0.000000	0.000000	3	0	4665.146484	18.968018	img__0_1545631886268018600.png
1545631886424	-127.767296	43.154354	-0.607234	0.701666	0.001338	0.001667	-0.712503	1.000000	0.000000	0.000000	3	0	4688.136719	19.105785	img__0_1545631886421086300.png
1545631886577	-127.786705	41.878368	-0.607518	0.701633	0.001117	0.001994	-0.712535	1.000000	0.000000	0.000000	3	0	4715.366699	19.240265	img__0_1545631886573860800.png
1545631886730	-127.806885	40.594688	-0.607343	0.701695	0.000492	0.001290	-0.712476	1.000000	0.000000	0.000000	3	0	4737.095215	19.379162	img__0_1545631886723900000.png
1545631886876	-127.826645	39.306183	-0.599990	0.701741	-0.002233	-0.001064	-0.712428	1.000000	0.000000	0.000000	3	0	4782.418457	19.504318	img__0_1545631886873747100.png
1545631887029	-127.847343	38.002739	-0.600575	0.701732	-0.001035	-0.000622	-0.712440	1.000000	0.000000	0.000000	3	0	4814.803223	19.635159	img__0_1545631887023966400.png
1545631887176	-127.867439	36.686520	-0.593902	0.701720	0.001904	0.001993	-0.712447	1.000000	0.000000	0.000000	3	0	4839.461914	19.767639	img__0_1545631887173131300.png
1545631887326	-127.887390	35.367493	-0.595297	0.701724	0.001389	0.001369	-0.712446	1.000000	0.000000	0.000000	3	0	4860.561523	19.904743	img__0_1545631887322550700.png
1545631887479	-127.907471	34.038555	-0.595471	0.701731	0.001266	0.001199	-0.712440	1.000000	0.000000	0.000000	3	0	4882.117676	20.042694	img__0_1545631887476050400.png
1545631887624	-127.927673	32.700275	-0.595579	0.701739	0.001232	0.001147	-0.712433	1.000000	0.000000	0.000000	0	0	4956.013672	20.100832	img__0_1545631887621102500.png
1545631887782	-127.947899	31.361269	-0.595545	0.701744	0.000911	0.000827	-0.712428	1.000000	0.000000	0.000000	0	0	4842.367188	20.081036	img__0_1545631887774964100.png
1545631887923	-127.968102	30.023417	-0.595528	0.701747	0.000687	0.000610	-0.712426	1.000000	0.000000	0.000000	4	0	4286.193359	20.061165	img__0_1545631887920579500.png
1545631888080	-127.988350	28.683231	-0.595622	0.701749	0.000786	0.000713	-0.712424	1.000000	0.000000	0.000000	4	0	4180.348633	20.222538	img__0_1545631888075164300.png
1545631888220	-128.008728	27.332338	-0.595709	0.701753	0.000904	0.000834	-0.712419	1.000000	0.000000	0.000000	4	0	4093.197021	20.378920	img__0_1545631888217014000.png
1545631888370	-128.029282	25.971205	-0.595774	0.701760	0.000993	0.000926	-0.712413	1.000000	0.000000	0.000000	4	0	4019.070557	20.528467	img__0_1545631888363627900.png
1545631888504	-128.049942	24.600273	-0.595822	0.701766	0.001052	0.000990	-0.712406	1.000000	0.000000	0.000000	4	0	3956.524902	20.671963	img__0_1545631888501967900.png
1545631888654	-128.070786	23.214985	-0.602959	0.701772	0.003634	0.003551	-0.712383	1.000000	0.000000	0.000000	4	0	3929.590332	20.786703	img__0_1545631888650344300.png
1545631888790	-128.091599	21.827925	-0.601575	0.701785	0.002956	0.002905	-0.712376	0.000000	0.000000	0.000000	4	0	3766.702637	20.929132	img__0_1545631888787095400.png
1545631888939	-128.113235	20.432789	-0.607908	0.701829	0.002204	0.001362	-0.712341	-1.000000	0.000000	0.000000	-1	0	3371.035156	21.042227	img__0_1545631888932671400.png
1545631889084	-128.134628	19.041946	-0.609107	0.701841	0.000890	-0.000845	-0.712332	-1.000000	0.000000	0.000000	-1	0	3252.982422	20.532394	img__0_1545631889074165800.png
1545631889222	-128.153320	17.683748	-0.607175	0.702321	-0.000240	-0.002028	-0.711858	-1.000000	0.500000	0.000000	-1	0	3251.535889	20.017015	img__0_1545631889218815400.png
1545631889357	-128.161957	16.359146	-0.606489	0.705203	-0.001518	-0.002046	-0.709001	-1.000000	0.500000	0.000000	-1	0	3252.424072	19.499388	img__0_1545631889354679900.png
1545631889498	-128.152924	15.068266	-0.605011	0.711377	-0.003130	-0.000880	-0.702803	-1.000000	0.500000	0.000000	-1	0	3259.869385	18.978777	img__0_1545631889491584800.png
1545631889637	-128.119751	13.813173	-0.604891	0.720772	-0.005284	0.000204	-0.693152	-1.000000	0.500000	0.000000	-1	0	3268.144531	18.453470	img__0_1545631889634952300.png
1545631889768	-128.059570	12.593992	-0.604932	0.731737	-0.007250	0.001383	-0.681547	-1.000000	0.500000	0.000000	-1	0	3319.218750	18.000950	img__0_1545631889766599000.png
1545631889914	-127.967438	11.405951	-0.604663	0.744675	-0.009198	0.002685	-0.667359	-1.000000	0.500000	0.000000	-1	0	3345.226318	17.494526	img__0_1545631889906284200.png
1545631890051	-127.842117	10.254052	-0.604816	0.757048	-0.011112	0.003782	-0.653254	-1.000000	0.500000	0.000000	-1	0	3379.559570	17.001198	img__0_1545631890046272400.png
1545631890190	-127.682335	9.138146	-0.604562	0.768881	-0.012752	0.005000	-0.639245	-1.000000	0.500000	0.000000	-1	0	3450.612549	16.575169	img__0_1545631890187141600.png
1545631890335	-127.489792	8.058948	-0.604467	0.780676	-0.014285	0.005588	-0.624748	-1.000000	0.500000	0.000000	-1	0	3506.736572	16.122559	img__0_1545631890330112500.png
1545631890482	-127.263542	7.017862	-0.604400	0.790878	-0.015614	0.006036	-0.611744	-1.000000	0.500000	0.000000	-1	0	3577.507813	15.701152	img__0_1545631890478432000.png
1545631890639	-127.004303	6.011249	-0.604456	0.802181	-0.016388	0.006520	-0.596820	-1.000000	0.500000	0.000000	-1	0	3618.502441	15.227893	img__0_1545631890633354800.png
1545631890793	-126.718468	5.046494	-0.604360	0.812790	-0.017061	0.006368	-0.582272	-1.000000	0.500000	0.000000	-1	0	3647.034424	14.737369	img__0_1545631890787327600.png
1545631890940	-126.406754	4.125284	-0.604313	0.821933	-0.017561	0.006067	-0.569281	-1.000000	0.500000	0.000000	-1	0	3647.564209	14.200687	img__0_1545631890936873200.png
1545631891098	-126.073067	3.249435	-0.605377	0.831286	-0.017813	0.006111	-0.555525	-1.000000	0.500000	0.000000	-1	0	3657.656982	13.684994	img__0_1545631891090932900.png
1545631891250	-125.721519	2.417094	-0.606149	0.839452	-0.017500	0.005943	-0.543119	-1.000000	0.500000	0.000000	-1	0	3654.274658	13.154781	img__0_1545631891247168700.png
1545631891403	-125.354706	1.628166	-0.606117	0.847068	-0.017380	0.005400	-0.531172	-1.000000	0.500000	0.000000	-1	0	3687.498047	12.688969	img__0_1545631891399890100.png
1545631891568	-124.973946	0.880430	-0.607335	0.854837	-0.017712	0.004545	-0.518575	-1.000000	0.500000	0.000000	-1	0	3750.808838	12.283307	img__0_1545631891563727800.png
1545631891723	-124.582085	0.169449	-0.607464	0.862844	-0.017211	0.003893	-0.505162	-1.000000	0.500000	0.000000	-1	0	3775.906738	11.812840	img__0_1545631891710566600.png
1545631891868	-124.582085	0.169449	-0.607464	0.862844	-0.017211	0.003893	-0.505162	-1.000000	0.500000	0.000000	-1	0	3775.906738	11.812840	img__0_1545631891866368200.png
