TimeStamp	POS_X	POS_Y	POS_Z	Q_W	Q_X	Q_Y	Q_Z	Throttle	Steering	Brake	Gear	Handbrake	RPM	Speed	ImageFile
1546461838087	-93.475639	128.044525	-0.606683	0.003967	-0.001111	-0.001217	-0.999991	0.000000	0.000000	0.000000	0	0	1454.167480	11.583178	img__0_1546461838084845000.png
1546461838156	-94.169724	128.038910	-0.606735	0.003965	-0.000957	-0.001153	-0.999991	0.000000	0.000000	0.000000	0	0	1424.400391	11.566839	img__0_1546461838153729100.png
1546461838224	-94.857422	128.033234	-0.606334	0.003959	-0.000597	-0.000970	-0.999991	0.000000	0.000000	0.000000	1	0	1374.129150	11.396152	img__0_1546461838220214600.png
1546461838290	-95.531433	128.027451	-0.605388	0.003947	-0.000914	-0.000480	-0.999992	0.000000	0.000000	0.000000	1	0	1356.919312	11.129956	img__0_1546461838287377700.png
1546461838358	-96.190041	128.022263	-0.605273	0.003943	-0.001343	-0.000159	-0.999991	0.000000	0.000000	0.000000	1	0	1341.089600	10.864984	img__0_1546461838355908700.png
1546461838425	-96.834015	128.017563	-0.605879	0.003940	-0.001353	-0.000208	-0.999991	0.000000	0.000000	0.000000	1	0	1325.500610	10.602763	img__0_1546461838423585400.png
1546461838491	-97.462791	128.012894	-0.606228	0.003959	-0.001444	-0.000452	-0.999991	0.000000	0.000000	0.000000	1	0	1309.372925	10.346241	img__0_1546461838489540400.png
1546461838559	-98.076225	128.007843	-0.605668	0.003971	-0.001854	-0.000417	-0.999990	0.000000	0.000000	0.000000	1	0	1295.574463	10.088266	img__0_1546461838557400600.png
1546461838620	-98.674820	128.002884	-0.605292	0.003973	-0.002223	-0.000265	-0.999990	0.000000	0.000000	0.000000	1	0	1282.280029	9.830947	img__0_1546461838617145100.png
1546461838686	-99.258408	127.998512	-0.605893	0.003944	-0.002708	-0.000431	-0.999988	0.000000	0.000000	0.000000	1	0	1269.362305	9.577613	img__0_1546461838683957000.png
1546461838746	-99.827675	127.994118	-0.606054	0.003896	-0.002814	-0.000704	-0.999988	0.000000	0.000000	1.000000	1	0	1230.580933	9.288138	img__0_1546461838743806600.png
1546461838821	-100.614410	127.987511	-0.605245	0.003874	-0.003461	-0.000560	-0.999986	0.000000	0.000000	1.000000	1	0	1118.118164	8.616125	img__0_1546461838817972000.png
1546461838912	-101.120163	127.983330	-0.604580	0.003873	-0.004172	-0.000319	-0.999984	0.000000	0.000000	1.000000	1	0	1034.044556	7.990087	img__0_1546461838905140900.png
1546461838969	-101.591148	127.979713	-0.604352	0.003839	-0.004884	-0.000136	-0.999981	0.000000	0.000000	0.000000	1	0	999.321899	7.439741	img__0_1546461838965269800.png
1546461839028	-101.974373	127.976845	-0.604224	0.003888	-0.005378	-0.000062	-0.999978	0.000000	0.000000	0.000000	1	0	1004.397949	6.904624	img__0_1546461839025564900.png
1546461839090	-102.371475	127.973747	-0.604430	0.004115	-0.004613	-0.000013	-0.999981	0.000000	0.000000	0.000000	1	0	1010.445374	6.714516	img__0_1546461839087895200.png
1546461839160	-102.772446	127.970474	-0.604607	0.004209	-0.004007	0.000019	-0.999983	1.000000	0.000000	0.000000	1	0	1110.581055	6.448674	img__0_1546461839157398000.png
1546461839224	-103.158348	127.967270	-0.604848	0.004319	-0.003667	-0.000026	-0.999984	1.000000	0.000000	0.000000	1	0	1330.703369	6.300866	img__0_1546461839221401000.png
1546461839285	-103.535904	127.963951	-0.604853	0.004304	-0.003150	-0.000004	-0.999986	1.000000	0.000000	0.000000	1	0	1662.487549	6.077957	img__0_1546461839281886000.png
1546461839353	-103.902031	127.960732	-0.604989	0.004565	-0.002714	0.000004	-0.999986	1.000000	0.000000	0.000000	1	0	1978.351074	6.051094	img__0_1546461839350269700.png
1546461839419	-104.266411	127.957283	-0.605144	0.005110	-0.002178	0.000012	-0.999985	1.000000	0.000000	0.000000	1	0	2285.263184	5.867304	img__0_1546461839414916700.png
1546461839485	-104.620445	127.953751	-0.606697	0.006269	-0.001327	-0.000308	-0.999979	1.000000	0.000000	0.000000	1	0	2585.960205	5.905402	img__0_1546461839481064100.png
1546461839553	-104.976540	127.948730	-0.606936	0.005313	-0.000772	-0.000306	-0.999986	1.000000	0.000000	0.000000	1	0	2853.693848	5.752246	img__0_1546461839549362000.png
1546461839614	-105.324066	127.945152	-0.606712	0.004459	-0.000702	-0.000492	-0.999990	1.000000	0.000000	0.000000	1	0	3141.492920	5.799371	img__0_1546461839611766200.png
1546461839674	-105.675331	127.942383	-0.606639	0.004331	-0.000304	-0.000733	-0.999990	1.000000	0.500000	0.000000	1	0	3383.828613	5.678307	img__0_1546461839672180200.png
1546461839746	-106.014175	127.932426	-0.606670	0.006822	-0.000259	-0.000308	-0.999977	1.000000	0.500000	0.000000	1	0	3639.930664	5.801669	img__0_1546461839743366800.png
1546461839803	-106.360268	127.909721	-0.606659	0.014563	-0.000314	0.000688	-0.999894	1.000000	0.500000	0.000000	1	0	3874.361328	5.758931	img__0_1546461839800859800.png
1546461839863	-106.702370	127.879059	-0.606806	0.024165	-0.000298	0.001342	-0.999707	1.000000	0.000000	0.000000	1	0	4103.740723	5.736911	img__0_1546461839859816100.png
1546461839924	-107.050537	127.857704	-0.608493	0.026258	-0.000066	0.000257	-0.999655	1.000000	0.000000	0.000000	1	0	4313.433594	5.747089	img__0_1546461839921894100.png
1546461839988	-107.388237	127.839165	-0.608525	0.027114	0.000174	-0.000438	-0.999632	1.000000	0.000000	0.000000	1	0	4500.036133	5.869225	img__0_1546461839984960100.png
1546461840058	-107.743340	127.819931	-0.608139	0.027066	0.000418	-0.001007	-0.999633	1.000000	0.000000	0.000000	1	0	4717.667969	5.985443	img__0_1546461840046845700.png
1546461840121	-107.941658	127.808823	-0.607710	0.027396	-0.000240	-0.001172	-0.999624	1.000000	0.000000	0.000000	1	0	4838.080078	5.976833	img__0_1546461840110449000.png
1546461840148	-108.140770	127.797646	-0.607554	0.027848	-0.000094	-0.001222	-0.999611	1.000000	0.000000	0.000000	1	0	4969.361328	5.948210	img__0_1546461840145716300.png
1546461840217	-108.539223	127.775368	-0.607139	0.027563	-0.000087	-0.001127	-0.999619	1.000000	0.000000	0.000000	0	0	5054.380371	6.055641	img__0_1546461840214429900.png
1546461840280	-108.854507	127.757713	-0.606884	0.027950	-0.000407	-0.001010	-0.999609	1.000000	0.000000	0.000000	0	0	4963.093262	6.016306	img__0_1546461840277689100.png
1546461840313	-109.209061	127.738052	-0.606924	0.027653	-0.000295	-0.000938	-0.999617	1.000000	0.000000	0.000000	0	0	4862.625000	5.956234	img__0_1546461840310889100.png
1546461840374	-109.517593	127.720963	-0.606898	0.027852	-0.000403	-0.000930	-0.999611	1.000000	0.000000	0.000000	2	0	4501.343262	6.169809	img__0_1546461840371450800.png
1546461840436	-109.840668	127.702904	-0.607026	0.027891	0.000038	-0.000906	-0.999611	1.000000	0.000000	0.000000	2	0	4458.010742	6.400990	img__0_1546461840433839000.png
1546461840497	-110.191742	127.683182	-0.606882	0.027927	0.000482	-0.000818	-0.999609	1.000000	0.000000	0.000000	2	0	4415.021484	6.608197	img__0_1546461840495036600.png
1546461840560	-110.584282	127.661072	-0.606583	0.027855	0.001241	-0.000550	-0.999611	1.000000	0.000000	0.000000	2	0	4376.004395	6.870200	img__0_1546461840557636100.png
1546461840620	-110.986649	127.638435	-0.606112	0.027945	0.001385	-0.000212	-0.999608	1.000000	0.000000	0.000000	2	0	4338.532227	7.067967	img__0_1546461840616931300.png
1546461840689	-111.408463	127.614937	-0.606268	0.027813	0.002142	0.000047	-0.999611	1.000000	0.000000	0.000000	2	0	4311.849121	7.292747	img__0_1546461840686333600.png
1546461840762	-112.034355	127.573067	-0.606309	0.030798	0.002184	0.000645	-0.999523	1.000000	0.500000	0.000000	2	0	4280.399902	7.611657	img__0_1546461840756107700.png
1546461840848	-112.485489	127.526474	-0.606334	0.038548	0.002182	0.001776	-0.999253	1.000000	0.500000	0.000000	2	0	4271.988281	7.777164	img__0_1546461840844883600.png
1546461840921	-113.146393	127.425156	-0.606332	0.058871	0.001951	0.004118	-0.998255	1.000000	0.500000	0.000000	2	0	4268.645508	8.055085	img__0_1546461840913348100.png
1546461841013	-113.615494	127.328087	-0.606344	0.078056	0.001767	0.005820	-0.996930	1.000000	0.500000	0.000000	2	0	4264.951660	8.273317	img__0_1546461841009976300.png
1546461841074	-114.093178	127.210434	-0.606346	0.097746	0.001518	0.007261	-0.995184	1.000000	0.500000	0.000000	2	0	4264.587891	8.424992	img__0_1546461841072268100.png
1546461841139	-114.527290	127.087593	-0.606374	0.115568	0.001362	0.008309	-0.993264	1.000000	0.500000	0.000000	2	0	4266.447754	8.600924	img__0_1546461841136439300.png
1546461841214	-115.015556	126.929901	-0.606368	0.135054	0.001040	0.009311	-0.990794	1.000000	0.500000	0.000000	2	0	4270.829590	8.781189	img__0_1546461841211195400.png
1546461841285	-115.508263	126.750465	-0.606369	0.154734	0.000742	0.010077	-0.987905	1.000000	0.000000	0.000000	2	0	4275.870117	8.984794	img__0_1546461841280786100.png
1546461841354	-116.009911	126.559135	-0.606371	0.169585	0.000693	0.009853	-0.985466	1.000000	0.000000	0.000000	2	0	4288.418457	9.185886	img__0_1546461841351580100.png
1546461841429	-116.524132	126.367455	-0.606371	0.175608	0.000885	0.008462	-0.984423	1.000000	0.500000	0.000000	2	0	4299.498047	9.379106	img__0_1546461841425556000.png
1546461841502	-117.047539	126.166580	-0.606388	0.179605	0.001048	0.007343	-0.983711	1.000000	0.500000	0.000000	2	0	4312.010254	9.563807	img__0_1546461841497777100.png
1546461841568	-117.575928	125.947983	-0.606381	0.187254	0.000999	0.006984	-0.982286	1.000000	0.500000	0.000000	2	0	4332.444824	9.731995	img__0_1546461841564061500.png
1546461841642	-118.105850	125.707367	-0.606360	0.199850	0.000743	0.007341	-0.979799	1.000000	0.500000	0.000000	2	0	4358.811523	9.886359	img__0_1546461841638199500.png
1546461841717	-118.634941	125.442284	-0.606345	0.216641	0.000376	0.008178	-0.976217	1.000000	0.500000	0.000000	2	0	4382.808105	10.052101	img__0_1546461841711730200.png
1546461841790	-119.163490	125.153572	-0.606337	0.235093	-0.000019	0.009087	-0.971930	1.000000	0.500000	0.000000	2	0	4406.684082	10.221607	img__0_1546461841787000000.png
1546461841869	-119.690475	124.840858	-0.606329	0.254002	-0.000447	0.009960	-0.967152	1.000000	0.500000	0.000000	2	0	4432.065430	10.389501	img__0_1546461841864292400.png
1546461841940	-120.215683	124.503220	-0.607881	0.273047	-0.000041	0.010648	-0.961942	1.000000	0.500000	0.000000	2	0	4458.579590	10.552953	img__0_1546461841936539900.png
1546461842021	-120.735733	124.140648	-0.608813	0.291753	-0.000283	0.011576	-0.956424	1.000000	0.500000	0.000000	2	0	4489.758301	10.715111	img__0_1546461842018865700.png
1546461842101	-121.250076	123.753632	-0.608717	0.310315	-0.000783	0.012243	-0.950555	1.000000	0.500000	0.000000	2	0	4519.885742	10.875501	img__0_1546461842096180300.png
1546461842181	-121.757813	123.341270	-0.608671	0.328739	-0.001254	0.012782	-0.944334	1.000000	0.500000	0.000000	2	0	4551.239746	11.035309	img__0_1546461842177443700.png
1546461842263	-122.257965	122.904823	-0.609906	0.347183	-0.001931	0.012392	-0.937713	1.000000	0.500000	0.000000	2	0	4583.045410	11.191277	img__0_1546461842260883300.png
1546461842341	-122.748306	122.441948	-0.611127	0.365418	-0.002946	0.012894	-0.930750	1.000000	0.500000	0.000000	2	0	4616.331055	11.348676	img__0_1546461842339208700.png
1546461842421	-123.229355	121.954071	-0.611028	0.383331	-0.003442	0.013281	-0.923509	1.000000	0.500000	0.000000	2	0	4650.817383	11.502481	img__0_1546461842419453800.png
1546461842503	-123.698990	121.443405	-0.609370	0.400506	-0.004450	0.012827	-0.916194	1.000000	0.500000	0.000000	2	0	4696.889160	11.646039	img__0_1546461842501985200.png
1546461842588	-124.155785	120.906990	-0.608853	0.417446	-0.004928	0.012838	-0.908598	1.000000	0.500000	0.000000	2	0	4734.530762	11.798222	img__0_1546461842586508700.png
1546461842675	-124.598991	120.345879	-0.608445	0.434352	-0.005443	0.013184	-0.900630	1.000000	0.500000	0.000000	2	0	4769.079102	11.951298	img__0_1546461842673878700.png
1546461842766	-125.028671	119.761124	-0.608300	0.451003	-0.005694	0.013301	-0.892405	1.000000	0.500000	0.000000	2	0	4805.523438	12.105615	img__0_1546461842763062000.png
1546461842857	-125.444794	119.152466	-0.606870	0.467613	-0.005234	0.013053	-0.883821	1.000000	0.500000	0.000000	2	0	4842.448242	12.257156	img__0_1546461842855130200.png
1546461842953	-125.842636	118.519096	-0.606200	0.483875	-0.005321	0.013681	-0.875014	1.000000	0.500000	0.000000	2	0	4880.770508	12.405544	img__0_1546461842950684800.png
1546461843043	-126.222771	117.864441	-0.606006	0.499905	-0.005804	0.013741	-0.865952	1.000000	0.500000	0.000000	0	0	4964.465820	12.443571	img__0_1546461843041784800.png
1546461843150	-126.579781	117.195702	-0.605946	0.515842	-0.006549	0.013517	-0.856552	1.000000	0.500000	0.000000	0	0	4859.782227	12.413561	img__0_1546461843146235700.png
1546461843255	-126.912560	116.512947	-0.606303	0.531876	-0.007062	0.013363	-0.846687	1.000000	0.500000	0.000000	3	0	4371.166504	12.372473	img__0_1546461843251577800.png
1546461843362	-127.245995	115.754761	-0.606969	0.549254	-0.006851	0.013343	-0.835521	1.000000	0.500000	0.000000	3	0	4325.518555	12.540855	img__0_1546461843358977800.png
1546461843472	-127.529549	115.035751	-0.606433	0.564813	-0.007300	0.013194	-0.825081	1.000000	0.500000	0.000000	3	0	4276.124512	12.718066	img__0_1546461843469203900.png
1546461843584	-127.809448	114.232780	-0.606869	0.581701	-0.007685	0.013178	-0.813259	1.000000	0.500000	0.000000	3	0	4238.013184	12.878602	img__0_1546461843579558200.png
1546461843695	-128.043518	113.470375	-0.606816	0.597143	-0.008180	0.012781	-0.801991	1.000000	0.500000	0.000000	3	0	4203.790039	13.035820	img__0_1546461843692733700.png
1546461843812	-128.251389	112.686989	-0.606219	0.612621	-0.008342	0.013177	-0.790223	1.000000	0.500000	0.000000	3	0	4174.830078	13.197605	img__0_1546461843808455300.png
1546461843928	-128.443741	111.826324	-0.606402	0.629031	-0.008816	0.013233	-0.777217	1.000000	0.500000	0.000000	3	0	4153.021973	13.344952	img__0_1546461843924908300.png
1546461844040	-128.594025	111.006012	-0.605965	0.644235	-0.009172	0.013515	-0.764653	1.000000	0.500000	0.000000	3	0	4135.446289	13.493553	img__0_1546461844038694300.png
1546461844160	-128.718750	110.132637	-0.606243	0.660012	-0.009564	0.013601	-0.751071	1.000000	0.500000	0.000000	3	0	4122.150391	13.633298	img__0_1546461844157804600.png
1546461844286	-128.810806	109.269081	-0.607473	0.674325	-0.009124	0.013479	-0.738255	1.000000	0.000000	0.000000	3	0	4104.172852	13.799604	img__0_1546461844283254600.png
1546461844413	-128.889359	108.372017	-0.607009	0.683100	-0.008514	0.012289	-0.730171	1.000000	0.000000	0.000000	3	0	4083.332520	13.968977	img__0_1546461844410422000.png
1546461844541	-128.954712	107.483437	-0.607186	0.686928	-0.007887	0.010636	-0.726605	1.000000	0.500000	0.000000	3	0	4068.431885	14.134732	img__0_1546461844538758500.png
1546461844662	-129.001740	106.558907	-0.607482	0.691774	-0.007154	0.009274	-0.722019	1.000000	0.500000	0.000000	3	0	4065.822510	14.287329	img__0_1546461844660219600.png
1546461844782	-129.022690	105.603943	-0.607073	0.700218	-0.006644	0.009157	-0.713839	1.000000	0.500000	0.000000	3	0	4074.409668	14.420159	img__0_1546461844779634700.png
1546461844905	-129.011322	104.640732	-0.605982	0.712325	-0.007203	0.009445	-0.701750	1.000000	0.500000	0.000000	3	0	4083.080566	14.553722	img__0_1546461844903942500.png
1546461845040	-128.967438	103.672478	-0.602599	0.725692	-0.009736	0.008991	-0.687892	1.000000	0.500000	0.000000	3	0	4112.974121	14.676188	img__0_1546461845037569800.png
1546461845171	-128.894333	102.695015	-0.600687	0.738869	-0.010158	0.008670	-0.673716	1.000000	0.000000	0.000000	3	0	4108.846680	14.831955	img__0_1546461845169802500.png
1546461845304	-128.801086	101.708122	-0.600744	0.747097	-0.009896	0.008113	-0.664592	1.000000	0.000000	0.000000	3	0	4105.877930	14.991172	img__0_1546461845301164800.png
1546461845438	-128.697830	100.708817	-0.595354	0.751452	-0.007699	0.008428	-0.659689	1.000000	0.000000	0.000000	3	0	4104.968262	15.157786	img__0_1546461845435998100.png
1546461845571	-128.578583	99.702248	-0.595348	0.753352	-0.006546	0.007934	-0.657537	1.000000	-0.500000	0.000000	3	0	4108.974609	15.317573	img__0_1546461845568511500.png
1546461845711	-128.454697	98.685966	-0.595503	0.752163	-0.005138	0.006850	-0.658921	1.000000	-0.500000	0.000000	3	0	4119.005859	15.467722	img__0_1546461845709786900.png
1546461845850	-128.341705	97.658699	-0.595616	0.746659	-0.003019	0.005034	-0.665181	1.000000	-0.500000	0.000000	3	0	4138.757324	15.599481	img__0_1546461845844911100.png
1546461845987	-128.248184	96.620369	-0.595724	0.737738	-0.000512	0.002858	-0.675081	1.000000	0.000000	0.000000	3	0	4148.852051	15.752961	img__0_1546461845983289900.png
1546461846119	-128.159897	95.571426	-0.595802	0.732132	0.001101	0.001400	-0.681160	1.000000	0.000000	0.000000	3	0	4159.509277	15.905273	img__0_1546461846116253800.png
1546461846253	-128.077209	94.511833	-0.595853	0.729835	0.002161	0.000410	-0.683620	1.000000	0.000000	0.000000	3	0	4171.209961	16.057512	img__0_1546461846250368400.png
1546461846385	-128.002609	93.443779	-0.595886	0.728464	0.002900	-0.000308	-0.685078	1.000000	-0.500000	0.000000	3	0	4189.885254	16.200710	img__0_1546461846382998400.png
1546461846515	-127.943993	92.363358	-0.595903	0.724535	0.003726	-0.001179	-0.689227	1.000000	-0.500000	0.000000	3	0	4216.991211	16.328054	img__0_1546461846510999300.png
1546461846636	-127.905190	91.273262	-0.595924	0.717708	0.004607	-0.002089	-0.696326	1.000000	0.000000	0.000000	3	0	4233.921387	16.475628	img__0_1546461846633475000.png
1546461846765	-127.870590	90.173042	-0.595936	0.714083	0.004717	-0.002225	-0.700042	1.000000	0.000000	0.000000	3	0	4249.764648	16.624123	img__0_1546461846760666100.png
1546461846885	-127.842468	89.062706	-0.595946	0.712603	0.004611	-0.002132	-0.701549	0.000000	0.000000	0.000000	3	0	3897.640625	16.768229	img__0_1546461846882722000.png
1546461847011	-127.819824	87.943100	-0.595938	0.712052	0.004309	-0.001915	-0.702111	0.000000	0.000000	1.000000	0	0	3509.752197	16.837486	img__0_1546461847008368600.png
1546461847135	-127.800583	86.823471	-0.600779	0.711896	0.004551	-0.000852	-0.702270	0.000000	0.000000	1.000000	0	0	3429.270020	16.534739	img__0_1546461847133256100.png
1546461847259	-127.783554	85.727676	-0.600788	0.711832	0.003632	-0.000821	-0.702340	0.000000	0.000000	1.000000	0	0	3350.633301	16.112406	img__0_1546461847257167200.png
1546461847387	-127.768814	84.661697	-0.607118	0.711793	0.002039	-0.002290	-0.702383	0.000000	-0.500000	1.000000	2	0	2816.259277	15.765567	img__0_1546461847383637900.png
1546461847506	-127.761337	83.615456	-0.607041	0.709765	0.001567	-0.002906	-0.704431	0.000000	-0.500000	1.000000	2	0	2372.122314	15.447185	img__0_1546461847503499800.png
1546461847628	-127.765190	82.592323	-0.606825	0.705424	0.000978	-0.004311	-0.708772	0.000000	0.000000	0.000000	2	0	2116.272705	15.154015	img__0_1546461847625752600.png
1546461847752	-127.769753	81.584335	-0.606748	0.703284	0.000817	-0.004302	-0.710896	0.000000	0.000000	0.000000	2	0	1990.597656	15.013903	img__0_1546461847747985800.png
1546461847870	-127.777107	80.584541	-0.605372	0.702433	0.000826	-0.003330	-0.711742	1.000000	0.000000	0.000000	2	0	2035.209473	14.871148	img__0_1546461847867981100.png
1546461847992	-127.789864	79.594917	-0.605428	0.701569	0.000553	-0.002966	-0.712595	1.000000	-0.500000	0.000000	2	0	2268.888916	14.742938	img__0_1546461847989614100.png
1546461848108	-127.816788	78.613480	-0.605447	0.697610	0.000950	-0.003165	-0.716470	1.000000	-0.500000	0.000000	2	0	2623.746826	14.645906	img__0_1546461848106258200.png
1546461848228	-127.861259	77.638100	-0.605499	0.690684	0.001713	-0.003622	-0.723145	1.000000	0.000000	0.000000	2	0	2930.599854	14.601707	img__0_1546461848225372700.png
1546461848339	-127.906929	76.664803	-0.605593	0.687412	0.001888	-0.003346	-0.726257	1.000000	0.000000	0.000000	2	0	3191.516357	14.596682	img__0_1546461848337557500.png
1546461848458	-127.957176	75.691406	-0.605645	0.686233	0.001964	-0.002964	-0.727373	1.000000	0.000000	0.000000	2	0	3416.800049	14.621346	img__0_1546461848455498100.png
1546461848571	-128.011398	74.716057	-0.605730	0.685803	0.001966	-0.002497	-0.727780	1.000000	0.000000	0.000000	2	0	3614.989502	14.667997	img__0_1546461848568890600.png
1546461848687	-128.068054	73.737404	-0.605707	0.685617	0.001820	-0.001983	-0.727958	1.000000	0.000000	0.000000	2	0	3791.941162	14.733041	img__0_1546461848685081900.png
1546461848805	-128.126190	72.754097	-0.605852	0.685556	0.001698	-0.001419	-0.728016	1.000000	0.000000	0.000000	2	0	3951.946289	14.812071	img__0_1546461848802431500.png
1546461848924	-128.185226	71.765602	-0.606223	0.685582	0.001366	-0.000930	-0.727993	1.000000	0.500000	0.000000	2	0	4108.681152	14.892485	img__0_1546461848921679200.png
1546461849032	-128.239655	70.773384	-0.600843	0.687170	-0.000238	-0.001381	-0.726496	1.000000	0.500000	0.000000	2	0	4249.930176	14.977107	img__0_1546461849030086300.png
1546461849150	-128.285294	69.772957	-0.600623	0.690735	-0.001063	-0.000808	-0.723107	1.000000	0.000000	0.000000	2	0	4372.877441	15.092510	img__0_1546461849145377500.png
1546461849256	-128.331497	68.762535	-0.595218	0.692841	-0.000023	0.000717	-0.721090	1.000000	0.000000	0.000000	2	0	4487.341797	15.212891	img__0_1546461849254175600.png
1546461849372	-128.374741	67.745819	-0.595221	0.693697	0.000123	0.001306	-0.720266	1.000000	0.000000	0.000000	2	0	4595.463867	15.333488	img__0_1546461849369724500.png
1546461849487	-128.413574	66.721275	-0.595396	0.694551	0.000021	0.001690	-0.719441	1.000000	0.500000	0.000000	2	0	4700.591797	15.451488	img__0_1546461849484052800.png
1546461849598	-128.438599	65.688751	-0.595519	0.698541	-0.000560	0.002383	-0.715566	1.000000	0.500000	0.000000	2	0	4805.211914	15.560531	img__0_1546461849595120000.png
1546461849706	-128.440659	64.649033	-0.595599	0.706919	-0.001700	0.003504	-0.707284	1.000000	0.500000	0.000000	2	0	4909.775391	15.656369	img__0_1546461849704082700.png
1546461849819	-128.410919	63.603645	-0.595657	0.719447	-0.003362	0.005009	-0.694521	1.000000	0.500000	0.000000	0	0	4983.214355	15.666439	img__0_1546461849817118700.png
1546461849941	-128.346710	62.561882	-0.595598	0.733932	-0.005469	0.006296	-0.679172	1.000000	0.500000	0.000000	0	0	4868.944336	15.622019	img__0_1546461849939110600.png
1546461850051	-128.247055	61.525845	-0.595557	0.748434	-0.007402	0.007452	-0.663127	1.000000	0.000000	0.000000	3	0	4392.246582	15.591352	img__0_1546461850048620500.png
1546461850175	-128.125992	60.490154	-0.595621	0.757762	-0.008012	0.008059	-0.652432	1.000000	0.000000	0.000000	3	0	4380.428711	15.755324	img__0_1546461850173053900.png
1546461850303	-127.986267	59.445690	-0.595699	0.761779	-0.007909	0.008171	-0.647737	1.000000	0.000000	0.000000	3	0	4371.562500	15.919902	img__0_1546461850300621200.png
1546461850422	-127.829346	58.392757	-0.595762	0.763351	-0.007366	0.007915	-0.645893	1.000000	0.000000	0.000000	3	0	4366.121582	16.083714	img__0_1546461850419983800.png
1546461850537	-127.662468	57.330429	-0.595811	0.763381	-0.006283	0.007183	-0.645878	1.000000	-0.500000	0.000000	3	0	4364.879883	16.242735	img__0_1546461850535035800.png
1546461850652	-127.500633	56.256840	-0.595848	0.759973	-0.004369	0.005719	-0.649915	1.000000	-0.500000	0.000000	3	0	4369.700195	16.388395	img__0_1546461850649506500.png
1546461850773	-127.356422	55.168076	-0.601987	0.752280	0.000261	0.005329	-0.658822	1.000000	-0.500000	0.000000	3	0	4413.205078	16.496588	img__0_1546461850770734600.png
1546461850892	-127.236710	54.073143	-0.601401	0.741553	0.002653	0.002869	-0.670883	1.000000	-0.500000	0.000000	3	0	4434.744629	16.608057	img__0_1546461850889220900.png
1546461851009	-127.150810	52.971924	-0.608098	0.728650	0.002925	-0.002436	-0.684876	1.000000	0.000000	0.000000	3	0	4440.200195	16.752668	img__0_1546461851005949200.png
1546461851115	-127.077957	51.853760	-0.606850	0.718396	0.005005	-0.003111	-0.695610	1.000000	0.000000	0.000000	3	0	4448.786621	16.896658	img__0_1546461851112965600.png
1546461851231	-127.022575	50.725311	-0.607113	0.713482	0.006276	-0.003641	-0.700636	1.000000	0.000000	0.000000	3	0	4456.838379	17.044373	img__0_1546461851226665000.png
1546461851337	-126.984291	49.587307	-0.606583	0.711383	0.006627	-0.004277	-0.702761	1.000000	0.000000	0.000000	3	0	4464.710938	17.196337	img__0_1546461851335319100.png
1546461851448	-126.959404	48.439014	-0.606931	0.710101	0.006514	-0.004429	-0.704056	1.000000	-0.500000	0.000000	3	0	4480.112793	17.337599	img__0_1546461851443855800.png
1546461851555	-126.953766	47.280926	-0.606481	0.706201	0.006714	-0.004391	-0.707965	1.000000	-0.500000	0.000000	3	0	4504.181152	17.462965	img__0_1546461851552595200.png
1546461851654	-126.970329	46.114647	-0.606391	0.699247	0.006947	-0.004736	-0.714830	1.000000	0.000000	0.000000	3	0	4516.500000	17.609777	img__0_1546461851652146200.png
1546461851754	-126.992958	44.937851	-0.607280	0.695364	0.006679	-0.003847	-0.718617	1.000000	0.000000	0.000000	3	0	4528.719238	17.756643	img__0_1546461851752627400.png
1546461851864	-127.023895	43.751942	-0.607526	0.693699	0.005900	-0.002977	-0.720235	1.000000	0.000000	0.000000	3	0	4542.493652	17.903645	img__0_1546461851859760700.png
1546461851963	-127.061989	42.557148	-0.608473	0.693084	0.004645	-0.002339	-0.720838	1.000000	0.000000	0.000000	3	0	4556.732422	18.050236	img__0_1546461851959910600.png
1546461852061	-127.105194	41.353420	-0.607123	0.692936	0.003243	-0.002094	-0.720989	1.000000	0.000000	0.000000	3	0	4574.428223	18.195189	img__0_1546461852058913900.png
1546461852163	-127.151436	40.138702	-0.607411	0.692899	0.002817	-0.001353	-0.721027	1.000000	0.000000	0.000000	3	0	4621.781250	18.313541	img__0_1546461852159698700.png
1546461852265	-127.199379	38.917259	-0.600794	0.692946	0.001880	-0.001689	-0.720985	1.000000	0.000000	0.000000	3	0	4648.216797	18.449062	img__0_1546461852262899800.png
1546461852370	-127.247986	37.686333	-0.600810	0.692940	0.001226	-0.001873	-0.720992	1.000000	0.000000	0.000000	3	0	4663.599609	18.594875	img__0_1546461852368425200.png
1546461852475	-127.297020	36.442921	-0.595374	0.692949	0.002076	-0.000415	-0.720983	1.000000	0.500000	0.000000	3	0	4680.185059	18.743021	img__0_1546461852473014000.png
1546461852577	-127.339821	35.191509	-0.595346	0.694886	0.001710	0.000480	-0.719118	1.000000	0.000000	0.000000	3	0	4701.413086	18.881115	img__0_1546461852575233200.png
1546461852681	-127.381248	33.931019	-0.595503	0.696457	0.001381	0.000961	-0.717597	0.000000	0.000000	0.000000	3	0	4582.658203	19.022587	img__0_1546461852679205000.png
1546461852783	-127.421188	32.661270	-0.595614	0.697183	0.001094	0.001266	-0.716891	0.000000	0.000000	0.000000	3	0	3986.526367	19.148399	img__0_1546461852781147700.png
1546461852882	-127.459190	31.383896	-0.595666	0.697504	0.000810	0.001407	-0.716579	0.000000	0.000000	1.000000	0	0	3611.805664	19.187275	img__0_1546461852880615800.png
1546461852980	-127.495483	30.111032	-0.595473	0.697644	0.000046	0.000885	-0.716444	0.000000	0.000000	1.000000	0	0	3528.983398	18.917170	img__0_1546461852976096100.png
1546461853082	-127.530182	28.858250	-0.595238	0.697714	-0.000711	0.000201	-0.716376	0.000000	0.000000	1.000000	0	0	3448.060303	18.495708	img__0_1546461853079741700.png
1546461853183	-127.563446	27.634081	-0.595003	0.697750	-0.001380	-0.000506	-0.716340	0.000000	0.500000	1.000000	2	0	2933.033447	18.126661	img__0_1546461853181052700.png
1546461853286	-127.588676	26.432299	-0.594896	0.699766	-0.002016	-0.000544	-0.714369	0.000000	0.000000	1.000000	2	0	2505.109131	17.773108	img__0_1546461853282903800.png
1546461853389	-127.611641	25.254663	-0.594779	0.701406	-0.002433	-0.000822	-0.712757	0.000000	0.000000	1.000000	2	0	2165.123291	17.384464	img__0_1546461853386088000.png
1546461853487	-127.632339	24.103323	-0.594667	0.702192	-0.002772	-0.001134	-0.711981	0.000000	0.000000	1.000000	2	0	1896.026978	16.965462	img__0_1546461853485137900.png
1546461853587	-127.650444	22.976269	-0.599719	0.702542	-0.001682	-0.000070	-0.711641	0.000000	0.000000	1.000000	2	0	1648.602539	16.561546	img__0_1546461853585146300.png
1546461853680	-127.666473	21.879982	-0.599866	0.702696	-0.001674	-0.000143	-0.711488	0.000000	0.000000	1.000000	2	0	1476.437134	16.107185	img__0_1546461853678540400.png
1546461853774	-127.680077	20.818754	-0.607770	0.703145	-0.003743	-0.002960	-0.711031	0.000000	0.500000	1.000000	2	0	1330.271118	15.670730	img__0_1546461853772644800.png
1546461853868	-127.681114	19.782715	-0.606360	0.706614	-0.003602	-0.002231	-0.707587	0.000000	0.500000	1.000000	2	0	1203.636719	15.189533	img__0_1546461853866659200.png
1546461853970	-127.661148	18.781174	-0.606216	0.714359	-0.005289	-0.002112	-0.699756	1.000000	0.500000	0.000000	2	0	1172.893311	14.687016	img__0_1546461853967658400.png
1546461854069	-127.615555	17.809443	-0.606036	0.725519	-0.006360	-0.000820	-0.688172	1.000000	0.000000	0.000000	2	0	1434.113525	14.372565	img__0_1546461854067196900.png
1546461854168	-127.554131	16.854845	-0.604673	0.734197	-0.006660	0.001169	-0.678903	1.000000	0.500000	0.000000	2	0	1848.401001	14.184943	img__0_1546461854166214500.png
1546461854268	-127.464653	15.915620	-0.604951	0.743636	-0.007866	0.002727	-0.668533	1.000000	0.500000	0.000000	2	0	2243.675049	14.039687	img__0_1546461854266541900.png
1546461854371	-127.341576	14.989303	-0.605069	0.755533	-0.009119	0.004283	-0.655033	1.000000	0.500000	0.000000	2	0	2583.832031	13.940034	img__0_1546461854368696700.png
1546461854474	-127.187294	14.073406	-0.605190	0.767924	-0.010029	0.005512	-0.640439	1.000000	0.000000	0.000000	0	0	2879.276367	13.902598	img__0_1546461854471574400.png
1546461854582	-127.018578	13.161643	-0.605304	0.775320	-0.009728	0.005792	-0.631467	1.000000	0.000000	0.000000	0	0	2813.251709	13.884899	img__0_1546461854576747900.png
1546461854679	-126.839706	12.252871	-0.605408	0.778041	-0.008838	0.005528	-0.628127	1.000000	0.500000	0.000000	0	0	2748.740967	13.867786	img__0_1546461854675991500.png
1546461854788	-126.644539	11.348864	-0.605490	0.780730	-0.008138	0.005282	-0.624793	1.000000	0.500000	0.000000	1	0	2806.968262	13.744659	img__0_1546461854784977100.png
1546461854883	-126.431870	10.462063	-0.605376	0.785883	-0.008183	0.004698	-0.618303	1.000000	0.000000	0.000000	1	0	3196.965332	13.527598	img__0_1546461854881312800.png
1546461854991	-126.212868	9.590573	-0.605321	0.790132	-0.007560	0.003949	-0.612878	1.000000	0.500000	0.000000	1	0	3568.067627	13.345149	img__0_1546461854988251200.png
1546461855096	-125.987724	8.732474	-0.605320	0.793221	-0.006889	0.003338	-0.608886	1.000000	0.500000	0.000000	1	0	3915.773926	13.191646	img__0_1546461855092528600.png
1546461855202	-125.745499	7.889189	-0.605334	0.798607	-0.006825	0.003253	-0.601805	1.000000	0.500000	0.000000	1	0	4240.919434	13.062369	img__0_1546461855198820000.png
1546461855307	-125.479607	7.061830	-0.605355	0.807225	-0.007393	0.003623	-0.590186	1.000000	0.500000	0.000000	1	0	4546.530762	12.955769	img__0_1546461855305117600.png
1546461855416	-125.187401	6.250497	-0.605388	0.817976	-0.008278	0.004226	-0.575177	1.000000	0.500000	0.000000	1	0	4835.450195	12.876351	img__0_1546461855413740100.png
1546461855527	-124.867523	5.454566	-0.606286	0.829342	-0.009321	0.005249	-0.558639	1.000000	0.500000	0.000000	1	0	5107.226074	12.824286	img__0_1546461855523483000.png
1546461855640	-124.518639	4.674111	-0.607430	0.840806	-0.010150	0.006496	-0.541202	1.000000	0.500000	0.000000	1	0	5363.721680	12.790468	img__0_1546461855636974000.png
1546461855749	-124.140640	3.911245	-0.609403	0.851738	-0.011378	0.006558	-0.523804	1.000000	0.500000	0.000000	1	0	5606.151855	12.776482	img__0_1546461855746031400.png
1546461855863	-123.732292	3.163740	-0.608748	0.862631	-0.012173	0.007295	-0.505634	1.000000	0.500000	0.000000	1	0	5836.824707	12.777784	img__0_1546461855858166100.png
1546461855980	-123.293182	2.435102	-0.610225	0.873063	-0.013224	0.007003	-0.487377	1.000000	0.500000	0.000000	1	0	6056.460938	12.794971	img__0_1546461855974704900.png
1546461856098	-122.823387	1.723351	-0.610440	0.883281	-0.013590	0.006986	-0.468595	1.000000	0.500000	0.000000	1	0	6267.007813	12.823797	img__0_1546461856094711200.png
1546461856214	-122.323952	1.030646	-0.608852	0.892826	-0.014008	0.006134	-0.450142	1.000000	0.500000	0.000000	0	0	6494.507324	12.863790	img__0_1546461856211574100.png
1546461856336	-121.794510	0.359521	-0.609029	0.902001	-0.014199	0.005853	-0.431461	1.000000	0.500000	0.000000	0	0	6345.581543	12.827205	img__0_1546461856333357200.png
1546461856459	-121.239120	-0.286033	-0.607756	0.910834	-0.015093	0.005270	-0.412463	1.000000	0.500000	0.000000	0	0	6200.071289	12.790959	img__0_1546461856456321400.png
1546461856585	-120.659088	-0.908301	-0.606408	0.919488	-0.014734	0.005461	-0.392804	1.000000	0.500000	0.000000	2	0	5717.623535	12.825140	img__0_1546461856582139900.png
1546461856708	-120.046478	-1.509353	-0.606222	0.927628	-0.014601	0.006028	-0.373171	1.000000	0.500000	0.000000	2	0	5729.501953	12.999869	img__0_1546461856705968100.png
1546461856835	-119.400360	-2.091165	-0.605757	0.935198	-0.015134	0.006486	-0.353743	1.000000	0.500000	0.000000	2	0	5743.524902	13.173114	img__0_1546461856831909700.png
1546461856965	-118.721581	-2.653384	-0.606999	0.942467	-0.015487	0.007192	-0.333863	1.000000	0.500000	0.000000	2	0	5758.258301	13.342055	img__0_1546461856963401500.png
1546461857084	-118.011902	-3.195004	-0.608766	0.949328	-0.015491	0.007849	-0.313807	1.000000	0.500000	0.000000	2	0	5784.977539	13.502082	img__0_1546461857081981400.png
1546461857218	-117.273872	-3.713514	-0.608495	0.955587	-0.015522	0.007396	-0.294206	1.000000	0.500000	0.000000	2	0	5805.220215	13.664829	img__0_1546461857213327900.png
1546461857351	-116.505524	-4.204652	-0.610017	0.961483	-0.016453	0.006521	-0.274293	1.000000	0.500000	0.000000	2	0	5826.205078	13.827976	img__0_1546461857348428800.png
1546461857481	-115.708702	-4.672406	-0.611749	0.967259	-0.016086	0.006319	-0.253203	1.000000	0.500000	0.000000	2	0	5847.800293	13.983050	img__0_1546461857477917400.png
1546461857614	-114.881195	-5.110934	-0.616047	0.972634	-0.015226	0.007726	-0.231712	1.000000	0.500000	0.000000	2	0	5877.395508	14.128750	img__0_1546461857610665000.png
1546461857752	-114.028442	-5.521001	-0.621813	0.977326	-0.012943	0.009261	-0.211142	1.000000	0.500000	0.000000	2	0	5947.376953	14.236865	img__0_1546461857748995500.png
1546461857895	-113.152725	-5.898599	-0.631791	0.981418	-0.009308	0.010416	-0.191371	1.000000	0.500000	0.000000	2	0	5975.990234	14.377172	img__0_1546461857889803000.png
1546461858034	-112.258949	-6.239280	-0.639840	0.984940	-0.007959	0.007396	-0.172555	1.000000	0.500000	0.000000	2	0	6022.893066	14.509209	img__0_1546461858030556800.png
1546461858179	-112.258949	-6.239280	-0.639840	0.984940	-0.007959	0.007396	-0.172555	1.000000	0.500000	0.000000	2	0	6022.893066	14.509209	img__0_1546461858177358200.png
