TimeStamp	POS_X	POS_Y	POS_Z	Q_W	Q_X	Q_Y	Q_Z	Throttle	Steering	Brake	Gear	Handbrake	RPM	Speed	ImageFile
1545931988945	14.261346	-129.402939	-0.606290	0.020633	-0.000158	0.001774	0.999786	0.000000	-0.500000	0.000000	2	0	1338.940186	13.420210	img__0_1545931988942604100.png
1545931989053	13.372720	-129.338623	-0.606942	0.034708	0.000147	0.003243	0.999392	0.000000	-0.500000	0.000000	2	0	1348.601318	13.218938	img__0_1545931989047429000.png
1545931989150	12.500455	-129.247101	-0.606916	0.052517	0.000833	0.005025	0.998607	0.000000	-0.500000	0.000000	2	0	1356.578979	13.018845	img__0_1545931989147172800.png
1545931989260	11.644942	-129.127289	-0.607123	0.071930	0.001424	0.006740	0.997386	0.000000	-0.500000	0.000000	2	0	1358.487915	12.823585	img__0_1545931989257439800.png
1545931989370	10.808195	-128.978455	-0.606456	0.091941	0.002690	0.008394	0.995725	0.000000	-0.500000	0.000000	2	0	1358.875854	12.626935	img__0_1545931989366336100.png
1545931989476	9.989661	-128.799347	-0.606510	0.112232	0.003183	0.009982	0.993627	0.000000	-0.500000	0.000000	2	0	1354.892700	12.435657	img__0_1545931989474175500.png
1545931989594	9.191025	-128.590637	-0.606254	0.132362	0.003522	0.011300	0.991131	0.000000	-0.500000	0.000000	2	0	1348.814819	12.250587	img__0_1545931989590315700.png
1545931989711	8.413400	-128.352356	-0.605259	0.152105	0.003730	0.012889	0.988273	0.000000	-0.500000	0.000000	2	0	1341.396118	12.065273	img__0_1545931989708581400.png
1545931989838	7.658007	-128.087311	-0.605299	0.171565	0.004130	0.013722	0.985068	0.000000	-0.500000	0.000000	2	0	1332.788330	11.880912	img__0_1545931989834280500.png
1545931989971	6.924384	-127.794556	-0.608149	0.191272	0.003211	0.014386	0.981426	1.000000	-0.500000	0.000000	2	0	1445.664307	11.710734	img__0_1545931989958968800.png
1545931990092	6.214868	-127.478394	-0.607698	0.210231	0.003786	0.014485	0.977537	1.000000	-0.500000	0.000000	2	0	1713.186646	11.556763	img__0_1545931990088759300.png
1545931990220	5.527980	-127.135765	-0.607796	0.229783	0.004130	0.014544	0.973124	1.000000	-0.500000	0.000000	2	0	2073.632568	11.450058	img__0_1545931990215860300.png
1545931990356	4.862730	-126.767387	-0.609914	0.249762	0.005044	0.014044	0.968192	1.000000	-0.500000	0.000000	2	0	2375.426758	11.395279	img__0_1545931990353251400.png
1545931990491	4.215421	-126.371490	-0.610226	0.270135	0.005203	0.014248	0.962703	1.000000	-0.500000	0.000000	0	0	2654.645264	11.378694	img__0_1545931990487671300.png
1545931990640	3.586792	-125.949600	-0.610211	0.290354	0.005383	0.014246	0.956798	1.000000	-0.500000	0.000000	0	0	2593.771729	11.344382	img__0_1545931990637730200.png
1545931990789	2.978461	-125.502838	-0.609835	0.310376	0.005688	0.014116	0.950492	1.000000	-0.500000	0.000000	0	0	2534.293701	11.310817	img__0_1545931990785762000.png
1545931990945	2.391338	-125.031860	-0.609560	0.330282	0.005970	0.013990	0.943760	1.000000	-0.500000	0.000000	1	0	2597.105713	11.182801	img__0_1545931990942266900.png
1545931991099	1.833011	-124.544907	-0.609441	0.349602	0.006617	0.013688	0.936775	1.000000	-0.500000	0.000000	1	0	2969.059082	10.993148	img__0_1545931991095487500.png
1545931991260	1.304109	-124.043182	-0.608422	0.368753	0.007069	0.013130	0.929408	1.000000	-0.500000	0.000000	1	0	3316.015869	10.840463	img__0_1545931991256760800.png
1545931991411	0.804303	-123.524910	-0.608125	0.388068	0.007000	0.012600	0.921518	1.000000	-0.500000	0.000000	1	0	3640.975830	10.720234	img__0_1545931991408515700.png
1545931991575	0.334106	-122.990868	-0.606604	0.407323	0.008011	0.012338	0.913166	1.000000	-0.500000	0.000000	1	0	3943.740723	10.636368	img__0_1545931991570340400.png
1545931991740	-0.109754	-122.439774	-0.607173	0.426850	0.008176	0.012488	0.904199	1.000000	-0.500000	0.000000	1	0	4228.778809	10.585063	img__0_1545931991736368800.png
1545931991910	-0.529099	-121.876923	-0.602996	0.446000	0.008974	0.010176	0.894930	1.000000	-0.500000	0.000000	1	0	4504.980957	10.528780	img__0_1545931991906908500.png
1545931992088	-0.920937	-121.293350	-0.602262	0.465304	0.007579	0.010163	0.885060	1.000000	-0.500000	0.000000	1	0	4775.030762	10.494502	img__0_1545931992085200400.png
1545931992261	-1.284192	-120.697533	-0.600160	0.483682	0.009055	0.010659	0.875132	1.000000	-0.500000	0.000000	1	0	5024.230957	10.491199	img__0_1545931992257717500.png
1545931992432	-1.623483	-120.087105	-0.600156	0.502029	0.009543	0.010759	0.864731	1.000000	-0.500000	0.000000	1	0	5268.320313	10.495937	img__0_1545931992428580900.png
1545931992610	-1.938477	-119.462212	-0.597525	0.520737	0.008207	0.009766	0.853622	1.000000	-0.500000	0.000000	1	0	5502.874023	10.477771	img__0_1545931992607999000.png
1545931992786	-2.223130	-118.821358	-0.594917	0.539920	0.007781	0.011201	0.841606	1.000000	-0.500000	0.000000	1	0	5726.732422	10.511018	img__0_1545931992783347300.png
1545931992970	-2.480076	-118.168327	-0.595013	0.558451	0.007962	0.011637	0.829418	1.000000	-0.500000	0.000000	1	0	5936.384766	10.563905	img__0_1545931992967412200.png
1545931993153	-2.708701	-117.501572	-0.595174	0.576499	0.008229	0.011785	0.816972	1.000000	-0.500000	0.000000	0	0	6162.667969	10.636022	img__0_1545931993150358900.png
1545931993328	-2.908525	-116.824814	-0.595189	0.594144	0.008752	0.011516	0.804228	1.000000	-0.500000	0.000000	0	0	6021.351563	10.615799	img__0_1545931993326066600.png
1545931993508	-3.078618	-116.145531	-0.596759	0.610479	0.008613	0.011109	0.791908	1.000000	-0.500000	0.000000	0	0	5883.276367	10.325733	img__0_1545931993504785500.png
1545931993689	-3.224734	-115.466942	-0.605560	0.624958	0.003243	0.010440	0.780582	1.000000	-0.500000	0.000000	2	0	5436.062012	10.404368	img__0_1545931993686175700.png
1545931993870	-3.342317	-114.777328	-0.608867	0.639974	-0.000321	0.008848	0.768346	1.000000	-0.500000	0.000000	2	0	5445.903809	10.602178	img__0_1545931993866995600.png
1545931994058	-3.432209	-114.070808	-0.611498	0.655356	-0.003046	0.007754	0.755274	1.000000	-0.500000	0.000000	2	0	5455.281738	10.797640	img__0_1545931994054965800.png
1545931994249	-3.504848	-113.372032	-0.645389	0.670586	0.001018	-0.010927	0.741750	1.000000	-0.500000	0.000000	2	0	5449.960449	11.007264	img__0_1545931994244970100.png
1545931994440	-3.549798	-112.630005	-0.641048	0.686645	-0.010116	-0.015214	0.726764	1.000000	-0.500000	0.000000	2	0	5484.038086	11.182714	img__0_1545931994437253300.png
1545931994630	-3.555327	-111.877563	-0.641570	0.702452	-0.014675	-0.016545	0.711388	1.000000	-0.500000	0.000000	2	0	5488.874023	11.376954	img__0_1545931994627586600.png
1545931994826	-3.525432	-111.113312	-0.642124	0.717627	-0.016592	-0.016345	0.696038	1.000000	-0.500000	0.000000	2	0	5483.872070	11.583264	img__0_1545931994818147600.png
1545931995017	-3.463567	-110.337730	-0.642546	0.732377	-0.017496	-0.015655	0.680495	1.000000	-0.500000	0.000000	2	0	5481.654785	11.787606	img__0_1545931995013445900.png
1545931995200	-3.369836	-109.552094	-0.642866	0.746605	-0.017952	-0.014822	0.664860	1.000000	-0.500000	0.000000	2	0	5506.657227	11.985619	img__0_1545931995196176200.png
1545931995384	-3.236526	-108.770805	-0.619336	0.759889	-0.004084	-0.012534	0.649920	1.000000	-0.500000	0.000000	2	0	5537.484863	12.135155	img__0_1545931995379440000.png
1545931995567	-3.087946	-107.973778	-0.618514	0.772250	0.000043	-0.011036	0.635223	1.000000	-0.500000	0.000000	2	0	5556.126465	12.314167	img__0_1545931995562258700.png
1545931995752	-2.883489	-107.151459	-0.583923	0.782714	0.000158	0.011002	0.622285	1.000000	-0.500000	0.000000	2	0	5585.662109	12.465835	img__0_1545931995747670100.png
1545931995937	-2.669889	-106.350258	-0.590641	0.795400	0.010017	0.013533	0.605851	1.000000	-0.500000	0.000000	2	0	5616.846680	12.629724	img__0_1545931995931925200.png
1545931996119	-2.430183	-105.540039	-0.595491	0.807585	0.011711	0.015013	0.589443	1.000000	-0.500000	0.000000	0	0	5751.937500	12.785536	img__0_1545931996115825600.png
1545931996296	-2.155706	-104.733971	-0.598171	0.818336	0.013077	0.015063	0.574394	1.000000	-0.500000	0.000000	0	0	5620.039551	12.747238	img__0_1545931996293526300.png
1545931996469	-1.847716	-103.943474	-0.598858	0.829450	0.013804	0.014382	0.558225	1.000000	-0.500000	0.000000	0	0	5491.166504	12.704910	img__0_1545931996463176500.png
1545931996640	-1.511384	-103.170662	-0.605504	0.840064	0.014835	0.010893	0.542175	1.000000	0.000000	0.000000	3	0	4893.370117	12.831197	img__0_1545931996636194200.png
1545931996813	-1.154942	-102.388412	-0.605350	0.846756	0.013309	0.010274	0.531716	0.000000	0.500000	0.000000	3	0	4404.882813	13.043835	img__0_1545931996810391700.png
1545931996986	-0.791882	-101.593803	-0.605580	0.846678	0.010700	0.008862	0.531924	0.000000	0.500000	0.000000	3	0	3636.904541	13.225209	img__0_1545931996982172900.png
1545931997150	-0.434908	-100.784218	-0.605741	0.841396	0.007272	0.006806	0.540327	0.000000	0.500000	0.000000	3	0	3018.466797	13.349208	img__0_1545931997145938800.png
1545931997316	-0.097314	-99.958748	-0.605835	0.832205	0.003355	0.004212	0.554442	0.000000	0.500000	0.000000	3	0	2535.008301	13.422758	img__0_1545931997311622700.png
1545931997489	0.215619	-99.119835	-0.605875	0.821026	-0.000335	0.001486	0.570889	0.000000	0.500000	0.000000	3	0	2173.241699	13.440714	img__0_1545931997485634800.png
1545931997656	0.498956	-98.270515	-0.605866	0.808800	-0.003506	-0.001171	0.588072	0.000000	0.500000	0.000000	3	0	1911.337769	13.409275	img__0_1545931997653489800.png
1545931997829	0.748854	-97.413902	-0.605823	0.795934	-0.006067	-0.003625	0.605342	0.000000	0.500000	0.000000	3	0	1723.421631	13.341605	img__0_1545931997826685500.png
1545931998001	0.962779	-96.552879	-0.605763	0.782623	-0.008028	-0.005794	0.622418	0.000000	0.500000	0.000000	3	0	1587.389526	13.249634	img__0_1545931997996481300.png
1545931998176	1.139304	-95.689911	-0.606013	0.768958	-0.009494	-0.007481	0.639185	0.000000	0.500000	0.000000	3	0	1488.227905	13.140237	img__0_1545931998172589000.png
1545931998357	1.278206	-94.827553	-0.606583	0.755160	-0.010301	-0.008579	0.655404	0.000000	0.500000	0.000000	3	0	1414.151123	13.023575	img__0_1545931998352903000.png
1545931998539	1.378076	-93.968544	-0.605893	0.741089	-0.010743	-0.010042	0.671246	0.000000	0.000000	0.000000	3	0	1363.659546	12.903249	img__0_1545931998537385300.png
1545931998724	1.451505	-93.114754	-0.606301	0.729898	-0.010097	-0.010744	0.683397	0.000000	0.000000	0.000000	3	0	1328.068848	12.794686	img__0_1545931998721212700.png
1545931998900	1.485052	-92.689781	-0.606532	0.727117	-0.009368	-0.010287	0.686372	0.000000	0.000000	0.000000	3	0	1314.630493	12.739615	img__0_1545931998894660400.png
