TimeStamp	POS_X	POS_Y	POS_Z	Q_W	Q_X	Q_Y	Q_Z	Throttle	Steering	Brake	Gear	Handbrake	RPM	Speed	ImageFile
1546452891737	-5.248394	1.135712	-0.608757	0.408468	0.010585	-0.025937	-0.912343	1.000000	-0.500000	0.000000	2	0	4859.587891	17.552591	img__0_1546452891732488000.png
1546452891840	-6.000883	0.239091	-0.607368	0.385588	0.009980	-0.026668	-0.922232	1.000000	-0.500000	0.000000	2	0	5004.840820	17.538507	img__0_1546452891834785600.png
1546452891946	-6.795147	-0.618433	-0.602754	0.361956	0.008263	-0.026378	-0.931785	1.000000	-0.500000	0.000000	0	0	5208.962402	17.526703	img__0_1546452891942798800.png
1546452892038	-7.632658	-1.430406	-0.599122	0.338879	0.006832	-0.026963	-0.940419	1.000000	-0.500000	0.000000	0	0	5089.515625	17.420588	img__0_1546452892034323400.png
1546452892142	-8.506591	-2.193874	-0.600173	0.315910	0.006690	-0.027858	-0.948357	1.000000	-0.500000	0.000000	0	0	4972.808105	17.314241	img__0_1546452892139298700.png
1546452892248	-9.413010	-2.911949	-0.594210	0.292077	0.008381	-0.026760	-0.955984	1.000000	-0.500000	0.000000	3	0	4561.655273	17.282484	img__0_1546452892245119600.png
1546452892346	-10.355248	-3.576565	-0.594955	0.269242	0.008024	-0.027514	-0.962646	1.000000	-0.500000	0.000000	3	0	4604.511230	17.327866	img__0_1546452892343690000.png
1546452892448	-11.330860	-4.196913	-0.595192	0.246211	0.007513	-0.027625	-0.968793	1.000000	-0.500000	0.000000	3	0	4645.098633	17.376064	img__0_1546452892444602100.png
1546452892542	-12.348728	-4.781841	-0.616422	0.222635	0.016297	-0.020585	-0.974548	1.000000	-0.500000	0.000000	3	0	4706.293945	17.417904	img__0_1546452892539997500.png
1546452892637	-13.376644	-5.328801	-0.621416	0.206153	0.014240	-0.010691	-0.978358	1.000000	-0.500000	0.000000	3	0	4766.312500	17.475840	img__0_1546452892633431500.png
1546452892739	-14.441329	-5.830373	-0.681196	0.185930	0.018827	0.000878	-0.982382	1.000000	-0.500000	0.000000	3	0	4814.500488	17.516308	img__0_1546452892733587000.png
1546452892829	-15.517657	-6.274221	-0.673134	0.163954	0.013462	0.000702	-0.986376	1.000000	-0.500000	0.000000	3	0	4852.420410	17.583691	img__0_1546452892826529100.png
1546452892921	-16.602997	-6.652317	-0.700925	0.143687	-0.003733	-0.012583	-0.989536	1.000000	-0.500000	0.000000	3	0	4868.300293	17.672340	img__0_1546452892918225200.png
1546452893021	-17.735113	-7.001858	-0.694454	0.121502	0.001516	-0.021758	-0.992352	1.000000	-0.500000	0.000000	3	0	4904.588867	17.726994	img__0_1546452893016997100.png
1546452893120	-18.880215	-7.308650	-0.691097	0.098147	0.003687	-0.025998	-0.994826	1.000000	-0.500000	0.000000	3	0	4944.285156	17.773664	img__0_1546452893115345100.png
1546452893220	-20.037985	-7.565029	-0.690641	0.075660	0.003299	-0.028306	-0.996726	1.000000	-0.500000	0.000000	3	0	4977.788086	17.824293	img__0_1546452893214913600.png
1546452893320	-21.209343	-7.770471	-0.690037	0.052899	0.002713	-0.029196	-0.998169	1.000000	-0.500000	0.000000	3	0	5004.973145	17.878868	img__0_1546452893315351000.png
1546452893422	-22.231642	-7.817029	-0.688552	0.063593	0.004785	-0.025820	-0.997630	1.000000	-0.500000	0.000000	3	0	4986.285156	12.322393	img__0_1546452893416803500.png
1546452893515	-23.061876	-7.772444	-0.687580	0.075173	0.003665	-0.015281	-0.997047	1.000000	-0.500000	0.000000	0	0	5060.763672	12.528204	img__0_1546452893513245100.png
1546452893615	-23.905579	-7.785117	-0.687711	0.071189	0.002391	-0.005666	-0.997444	1.000000	-0.500000	0.000000	0	0	4944.715332	12.565242	img__0_1546452893611900000.png
1546452893710	-24.746078	-7.823899	-0.687760	0.057860	0.001492	0.000476	-0.998323	1.000000	-0.500000	0.000000	0	0	4831.328125	12.566816	img__0_1546452893707341700.png
1546452893808	-25.585670	-7.862710	-0.687761	0.039514	0.001131	0.002388	-0.999215	1.000000	-0.500000	0.000000	4	0	4092.744385	12.733019	img__0_1546452893805092300.png
1546452893912	-26.439255	-7.884583	-0.689281	0.019886	0.002435	0.001705	-0.999798	1.000000	-0.500000	0.000000	4	0	3895.732422	11.712886	img__0_1546452893895081400.png
1546452893997	-27.192444	-7.830791	-0.688586	0.012332	0.006048	0.005007	-0.999893	1.000000	-0.500000	0.000000	4	0	3781.818848	11.540542	img__0_1546452893994000600.png
1546452894094	-27.967020	-7.789301	-0.689045	0.003987	-0.005019	-0.005400	0.999965	1.000000	-0.500000	0.000000	4	0	3595.558105	11.760451	img__0_1546452894091444400.png
1546452894192	-28.756279	-7.737771	-0.688938	0.022352	-0.004548	-0.003605	0.999733	1.000000	0.000000	0.000000	4	0	3414.412354	11.991199	img__0_1546452894189398000.png
1546452894281	-29.559818	-7.684739	-0.688829	0.032822	-0.004084	-0.001722	0.999451	1.000000	0.000000	0.000000	4	0	3259.148682	12.200006	img__0_1546452894278809500.png
1546452894374	-30.377131	-7.630403	-0.688742	0.036302	-0.003690	-0.000091	0.999334	1.000000	0.000000	0.000000	4	0	3118.109619	12.398587	img__0_1546452894371033600.png
1546452894473	-31.207287	-7.571982	-0.688667	0.037377	-0.003353	0.001230	0.999295	1.000000	0.000000	0.000000	4	0	2999.078857	12.586707	img__0_1546452894469713100.png
1546452894562	-32.049599	-7.510656	-0.688599	0.037670	-0.003068	0.002100	0.999283	1.000000	0.000000	0.000000	4	0	2900.931396	12.764776	img__0_1546452894559787000.png
1546452894652	-32.903446	-7.447404	-0.688538	0.037724	-0.002828	0.002582	0.999281	1.000000	0.000000	0.000000	4	0	2821.575195	12.933110	img__0_1546452894648197800.png
1546452894747	-33.768223	-7.382763	-0.688483	0.037711	-0.002625	0.002801	0.999281	1.000000	0.000000	0.000000	4	0	2758.792236	13.092656	img__0_1546452894743910800.png
1546452894842	-34.643387	-7.317043	-0.688435	0.037686	-0.002451	0.002865	0.999283	1.000000	0.000000	0.000000	4	0	2710.320313	13.244556	img__0_1546452894839453000.png
1546452894939	-35.528465	-7.250417	-0.688393	0.037662	-0.002303	0.002848	0.999284	1.000000	-0.500000	0.000000	4	0	2675.246826	13.388215	img__0_1546452894933257500.png
1546452895029	-36.422173	-7.176230	-0.688354	0.040376	-0.002126	0.003278	0.999177	1.000000	-0.500000	0.000000	0	0	2804.471924	13.517160	img__0_1546452895026350500.png
1546452895118	-37.318043	-7.085393	-0.688184	0.048552	-0.001419	0.004410	0.998810	1.000000	-0.500000	0.000000	0	0	2740.162598	13.485601	img__0_1546452895114914300.png
1546452895213	-38.209011	-6.969209	-0.688077	0.063090	-0.000806	0.006305	0.997988	1.000000	-0.500000	0.000000	0	0	2677.328125	13.447874	img__0_1546452895209408400.png
1546452895308	-39.094700	-6.824048	-0.690217	0.081996	-0.001350	0.008113	0.996599	1.000000	-0.500000	0.000000	3	0	2587.809326	13.429232	img__0_1546452895305628000.png
1546452895406	-39.974049	-6.649397	-0.689775	0.101683	-0.000749	0.009699	0.994769	1.000000	-0.500000	0.000000	3	0	2746.268799	13.470077	img__0_1546452895400510200.png
1546452895490	-40.848774	-6.439653	-0.689718	0.122525	-0.000245	0.011565	0.992398	1.000000	-0.500000	0.000000	3	0	2881.993896	13.524680	img__0_1546452895488397000.png
1546452895589	-41.716499	-6.200693	-0.688956	0.143538	0.001836	0.011198	0.989580	1.000000	-0.500000	0.000000	3	0	3078.273193	13.534617	img__0_1546452895585177400.png
1546452895683	-42.575386	-5.935159	-0.682955	0.161164	0.004572	0.008830	0.986878	1.000000	0.000000	0.000000	3	0	3241.522217	13.591017	img__0_1546452895679818400.png
1546452895778	-43.436626	-5.647089	-0.680686	0.171103	0.004858	0.005953	0.985223	1.000000	0.000000	0.000000	3	0	3304.847656	13.717666	img__0_1546452895774812500.png
1546452895873	-44.326561	-5.351941	-0.648171	0.175613	-0.011836	-0.004268	0.984379	1.000000	0.500000	0.000000	3	0	3377.108154	13.826155	img__0_1546452895870449600.png
1546452895969	-45.195423	-5.050852	-0.650783	0.174536	-0.009478	-0.017382	0.984452	1.000000	0.500000	0.000000	3	0	3438.198242	13.962152	img__0_1546452895964033300.png
1546452896061	-46.060974	-4.739071	-0.625574	0.167560	0.001029	-0.015437	0.985740	1.000000	0.500000	0.000000	3	0	3506.980225	14.036496	img__0_1546452896058434700.png
1546452896153	-46.950928	-4.451415	-0.623091	0.155032	0.003735	-0.017404	0.987749	1.000000	0.500000	0.000000	3	0	3568.444336	14.146175	img__0_1546452896149910500.png
1546452896238	-47.875599	-4.167311	-0.590009	0.138465	-0.010567	-0.008460	0.990275	1.000000	0.000000	0.000000	3	0	3623.538818	14.268772	img__0_1546452896235284900.png
1546452896331	-48.788071	-3.906598	-0.595826	0.127511	-0.004846	-0.002084	0.991823	1.000000	0.000000	0.000000	3	0	3671.626953	14.404354	img__0_1546452896328063300.png
1546452896422	-49.717903	-3.658215	-0.595919	0.122470	-0.003224	-0.000456	0.992467	1.000000	0.000000	0.000000	3	0	3702.963623	14.551614	img__0_1546452896418360500.png
1546452896509	-50.660847	-3.417139	-0.595895	0.120484	-0.002718	-0.000482	0.992711	1.000000	0.000000	0.000000	0	0	3852.859619	14.697933	img__0_1546452896506681000.png
1546452896602	-51.610760	-3.181854	-0.595769	0.118986	-0.002046	-0.000975	0.992893	1.000000	0.500000	0.000000	0	0	3764.509521	14.676620	img__0_1546452896597005200.png
1546452896689	-52.563278	-2.961484	-0.595696	0.113307	-0.001680	-0.002020	0.993556	1.000000	0.500000	0.000000	0	0	3678.185547	14.646221	img__0_1546452896685160700.png
1546452896769	-53.518944	-2.764155	-0.595641	0.101595	-0.001458	-0.003678	0.994818	1.000000	0.500000	0.000000	2	0	3541.212646	14.619172	img__0_1546452896766219700.png
1546452896858	-54.480392	-2.597495	-0.595652	0.083897	-0.001487	-0.005874	0.996456	1.000000	0.500000	0.000000	2	0	3730.800049	14.648344	img__0_1546452896854653900.png
1546452896945	-55.452560	-2.463935	-0.601749	0.062890	-0.004157	-0.008432	0.997976	1.000000	0.000000	0.000000	2	0	3907.051514	14.700786	img__0_1546452896942384000.png
1546452897024	-55.938118	-2.405984	-0.600962	0.053704	-0.003444	-0.009093	0.998510	1.000000	0.000000	0.000000	2	0	3981.351074	14.763206	img__0_1546452897021804500.png
1546452897070	-56.428040	-2.352324	-0.601503	0.046230	-0.004011	-0.009553	0.998877	1.000000	0.000000	0.000000	2	0	4055.943359	14.785726	img__0_1546452897065487300.png
1546452897121	-57.406075	-2.254224	-0.607923	0.038642	-0.000184	-0.009829	0.999205	1.000000	0.000000	0.000000	2	0	4124.323242	14.852986	img__0_1546452897115208900.png
1546452897175	-57.902412	-2.207406	-0.606475	0.036017	-0.001783	-0.009360	0.999306	1.000000	0.000000	0.000000	2	0	4255.247559	14.950245	img__0_1546452897167933800.png
1546452897257	-58.398018	-2.164854	-0.606605	0.034626	-0.001055	-0.009086	0.999358	1.000000	0.000000	0.000000	2	0	4316.061035	14.994973	img__0_1546452897252745000.png
1546452897297	-58.896782	-2.125045	-0.607115	0.033690	-0.001416	-0.008853	0.999392	1.000000	0.000000	0.000000	2	0	4376.139160	15.060902	img__0_1546452897294784900.png
1546452897349	-59.397717	-2.087070	-0.607071	0.033169	-0.001650	-0.008494	0.999412	1.000000	0.500000	0.000000	2	0	4435.237793	15.104685	img__0_1546452897345757300.png
1546452897427	-60.405029	-2.021941	-0.607455	0.030010	-0.001850	-0.008105	0.999515	1.000000	0.500000	0.000000	2	0	4552.834961	15.207988	img__0_1546452897424136000.png
1546452897470	-60.910561	-1.995670	-0.606612	0.026703	-0.001325	-0.007883	0.999611	1.000000	0.500000	0.000000	2	0	4609.294922	15.271220	img__0_1546452897467705300.png
1546452897511	-61.418869	-1.975774	-0.606645	0.021746	-0.001096	-0.007911	0.999732	1.000000	0.000000	0.000000	2	0	4659.643555	15.319799	img__0_1546452897508686700.png
1546452897553	-61.929008	-1.958469	-0.607013	0.017067	-0.000950	-0.007911	0.999822	1.000000	0.000000	0.000000	2	0	4709.527832	15.396626	img__0_1546452897550934500.png
1546452897597	-62.441841	-1.940845	-0.607335	0.014116	-0.000892	-0.007683	0.999870	1.000000	0.000000	0.000000	2	0	4757.328125	15.447586	img__0_1546452897593928700.png
1546452897640	-62.956619	-1.924005	-0.607041	0.012214	-0.000988	-0.007258	0.999899	1.000000	0.000000	0.000000	2	0	4803.513184	15.527503	img__0_1546452897638236800.png
1546452897732	-63.993584	-1.893997	-0.606167	0.010320	-0.001326	-0.005948	0.999928	1.000000	0.000000	0.000000	2	0	4892.866211	15.662157	img__0_1546452897729134900.png
1546452897778	-64.515709	-1.881053	-0.606232	0.009912	-0.001480	-0.005387	0.999935	1.000000	0.000000	0.000000	2	0	4935.836914	15.715822	img__0_1546452897775498100.png
1546452897826	-65.039696	-1.869205	-0.606774	0.009665	-0.001670	-0.004995	0.999939	1.000000	0.000000	0.000000	2	0	4977.987793	15.798802	img__0_1546452897823316000.png
1546452897869	-65.566704	-1.858053	-0.607374	0.009546	-0.002038	-0.004731	0.999941	1.000000	0.000000	0.000000	2	0	5020.294434	15.852550	img__0_1546452897863184800.png
1546452897907	-66.094894	-1.847231	-0.607443	0.009465	-0.001951	-0.004453	0.999943	1.000000	0.000000	0.000000	2	0	5060.604980	15.937598	img__0_1546452897905042900.png
1546452897952	-66.626221	-1.836551	-0.607437	0.009433	-0.002085	-0.004116	0.999945	1.000000	0.000000	0.000000	0	0	5191.426270	15.992783	img__0_1546452897948572000.png
1546452897995	-67.158882	-1.826136	-0.607656	0.009397	-0.001838	-0.003838	0.999947	1.000000	0.000000	0.000000	0	0	5131.559082	15.967848	img__0_1546452897992989200.png
1546452898044	-67.690231	-1.816113	-0.608217	0.009379	-0.001236	-0.003744	0.999948	1.000000	0.000000	0.000000	0	0	5072.381836	15.974472	img__0_1546452898042050600.png
1546452898140	-68.753883	-1.796136	-0.608421	0.009352	-0.000893	-0.003592	0.999949	1.000000	0.000000	0.000000	0	0	4956.066895	15.957210	img__0_1546452898137378700.png
1546452898189	-69.284554	-1.785601	-0.606837	0.009341	-0.000045	-0.003074	0.999952	1.000000	0.000000	0.000000	3	0	4527.720215	15.941639	img__0_1546452898185337400.png
1546452898235	-69.816147	-1.775442	-0.607206	0.009341	-0.000273	-0.002678	0.999953	1.000000	0.000000	0.000000	3	0	4519.584961	16.018147	img__0_1546452898229588100.png
1546452898278	-70.350113	-1.765420	-0.607158	0.009336	-0.000367	-0.002363	0.999954	1.000000	0.000000	0.000000	3	0	4510.091309	16.116383	img__0_1546452898273444500.png
1546452898322	-70.887527	-1.755422	-0.607234	0.009339	-0.000589	-0.002105	0.999954	1.000000	0.000000	0.000000	3	0	4502.344727	16.191814	img__0_1546452898319091000.png
1546452898362	-71.428001	-1.744929	-0.606091	0.009344	-0.001215	-0.001543	0.999954	1.000000	0.000000	0.000000	3	0	4495.565430	16.287109	img__0_1546452898359807300.png
1546452898404	-71.970909	-1.734606	-0.606004	0.009361	-0.001293	-0.001055	0.999955	1.000000	0.000000	0.000000	3	0	4489.501953	16.360750	img__0_1546452898401998600.png
1546452898452	-72.516228	-1.724491	-0.606059	0.009370	-0.001334	-0.000722	0.999955	1.000000	0.000000	0.000000	3	0	4484.425781	16.453739	img__0_1546452898448567600.png
1546452898542	-73.615524	-1.704301	-0.606106	0.009373	-0.001447	-0.000314	0.999955	1.000000	0.000000	0.000000	3	0	4477.408691	16.617262	img__0_1546452898539762000.png
1546452898590	-74.169510	-1.694121	-0.606150	0.009369	-0.001574	-0.000188	0.999955	1.000000	0.000000	0.000000	3	0	4475.554688	16.689159	img__0_1546452898586887800.png
1546452898629	-74.725670	-1.683882	-0.606146	0.009358	-0.001536	-0.000098	0.999955	1.000000	0.000000	0.000000	3	0	4473.962891	16.778040	img__0_1546452898626594900.png
1546452898671	-75.284988	-1.673561	-0.606183	0.009350	-0.001647	-0.000031	0.999955	1.000000	0.000000	0.000000	3	0	4473.735352	16.849672	img__0_1546452898667196400.png
1546452898711	-75.846481	-1.663181	-0.606175	0.009339	-0.001602	0.000014	0.999955	1.000000	0.000000	0.000000	3	0	4473.733887	16.936352	img__0_1546452898709862300.png
1546452898755	-76.411057	-1.652730	-0.606206	0.009330	-0.001695	0.000046	0.999955	1.000000	0.000000	0.000000	3	0	4474.962402	17.007914	img__0_1546452898752746900.png
1546452898804	-76.977829	-1.642224	-0.606196	0.009320	-0.001649	0.000066	0.999955	1.000000	0.000000	0.000000	3	0	4476.409180	17.092428	img__0_1546452898801597000.png
1546452898891	-78.119553	-1.621041	-0.606211	0.009303	-0.001681	0.000086	0.999955	1.000000	0.000000	0.000000	3	0	4481.701660	17.246485	img__0_1546452898889304200.png
1546452898938	-78.694405	-1.610370	-0.606231	0.009297	-0.001742	0.000089	0.999955	1.000000	0.000000	0.000000	3	0	4485.411133	17.318184	img__0_1546452898935245600.png
1546452898982	-79.271530	-1.599656	-0.606222	0.009289	-0.001702	0.000088	0.999955	1.000000	0.000000	0.000000	3	0	4489.347656	17.398712	img__0_1546452898978632200.png
1546452899021	-79.851448	-1.588889	-0.606237	0.009284	-0.001750	0.000086	0.999955	0.000000	0.000000	0.000000	3	0	4361.466309	17.470503	img__0_1546452899018171200.png
1546452899060	-80.433647	-1.578082	-0.606229	0.009277	-0.001715	0.000083	0.999955	0.000000	0.000000	0.000000	3	0	4116.909668	17.545671	img__0_1546452899057822900.png
1546452899103	-81.018425	-1.567229	-0.606237	0.009272	-0.001737	0.000079	0.999955	0.000000	0.000000	0.000000	3	0	3777.180420	17.606293	img__0_1546452899101318000.png
1546452899187	-82.193611	-1.545430	-0.606208	0.009263	-0.001629	0.000069	0.999956	0.000000	0.000000	0.000000	3	0	3207.445557	17.694775	img__0_1546452899184073700.png
1546452899228	-82.783173	-1.534500	-0.606175	0.009259	-0.001509	0.000064	0.999956	0.000000	0.000000	1.000000	3	0	2951.957031	17.719803	img__0_1546452899226131600.png
1546452899271	-83.373589	-1.523557	-0.606147	0.009256	-0.001406	0.000059	0.999956	0.000000	0.000000	1.000000	3	0	2711.302734	17.682608	img__0_1546452899267967200.png
1546452899314	-83.962448	-1.512646	-0.606051	0.009254	-0.001061	0.000052	0.999957	0.000000	0.000000	1.000000	3	0	2486.210693	17.618324	img__0_1546452899311791700.png
1546452899357	-84.549240	-1.501776	-0.605973	0.009254	-0.000777	0.000046	0.999957	0.000000	0.000000	1.000000	0	0	2457.539795	17.502541	img__0_1546452899353217300.png
1546452899440	-85.707359	-1.480326	-0.605654	0.009261	0.000369	0.000031	0.999957	0.000000	0.000000	1.000000	0	0	2401.186035	17.072439	img__0_1546452899437186300.png
1546452899479	-86.275650	-1.469797	-0.605513	0.009268	0.000879	0.000025	0.999957	0.000000	0.000000	1.000000	0	0	2373.495605	16.858494	img__0_1546452899476812600.png
1546452899520	-86.836876	-1.459396	-0.605386	0.009278	0.001337	0.000020	0.999956	0.000000	0.000000	1.000000	0	0	2346.124512	16.684158	img__0_1546452899517997500.png
1546452899564	-87.387764	-1.449180	-0.598267	0.009287	0.005151	-0.000015	0.999943	0.000000	0.000000	1.000000	2	0	2212.785156	16.396654	img__0_1546452899559826400.png
1546452899607	-87.935631	-1.439014	-0.599973	0.009299	0.004120	-0.000006	0.999948	0.000000	0.000000	1.000000	2	0	2051.098145	16.207848	img__0_1546452899602775000.png
1546452899685	-89.008369	-1.419080	-0.599629	0.009323	0.004869	-0.000011	0.999945	0.000000	0.000000	1.000000	2	0	1789.195313	15.831535	img__0_1546452899680311500.png
1546452899726	-89.540443	-1.409187	-0.592685	0.009337	0.001529	0.000020	0.999955	0.000000	0.000000	1.000000	2	0	1677.870850	15.553190	img__0_1546452899722652100.png
1546452899767	-90.055786	-1.399586	-0.594053	0.009352	0.003790	0.000001	0.999949	0.000000	0.000000	1.000000	2	0	1580.167725	15.395172	img__0_1546452899762631600.png
1546452899808	-90.570297	-1.389994	-0.593986	0.009366	0.002729	0.000012	0.999952	0.000000	0.000000	1.000000	2	0	1487.471313	15.122886	img__0_1546452899803698400.png
1546452899900	-91.571442	-1.371283	-0.594056	0.009394	0.003336	0.000010	0.999950	0.000000	0.000000	1.000000	2	0	1335.347412	14.675691	img__0_1546452899896447200.png
1546452899939	-92.059731	-1.362136	-0.593971	0.009407	0.003944	0.000007	0.999948	0.000000	0.000000	1.000000	2	0	1271.741577	14.475255	img__0_1546452899934051300.png
1546452899982	-92.542442	-1.353080	-0.594070	0.009420	0.003742	0.000010	0.999949	0.000000	0.000000	1.000000	2	0	1212.052124	14.214977	img__0_1546452899977488500.png
1546452900053	-93.482506	-1.335404	-0.594077	0.009445	0.004047	0.000010	0.999947	0.000000	0.000000	1.000000	2	0	1111.405273	13.744516	img__0_1546452900048031700.png
1546452900092	-93.940155	-1.326780	-0.594029	0.009457	0.004374	0.000008	0.999946	0.000000	0.000000	1.000000	2	0	1068.738159	13.527027	img__0_1546452900088346900.png
1546452900133	-94.391098	-1.318270	-0.594080	0.009470	0.004285	0.000009	0.999946	0.000000	0.000000	1.000000	2	0	1028.610229	13.267046	img__0_1546452900128133200.png
1546452900171	-94.832901	-1.309921	-0.594036	0.009481	0.004560	0.000007	0.999945	0.000000	0.000000	1.000000	2	0	993.322144	13.047129	img__0_1546452900167500200.png
1546452900242	-95.693611	-1.293623	-0.594036	0.009505	0.004723	0.000005	0.999944	0.000000	0.000000	1.000000	2	0	930.423950	12.565588	img__0_1546452900239644300.png
1546452900286	-96.112556	-1.285674	-0.594080	0.009518	0.004609	0.000006	0.999944	0.000000	0.000000	1.000000	2	0	902.103271	12.297577	img__0_1546452900283011700.png
1546452900323	-96.522072	-1.277893	-0.594030	0.009528	0.004868	0.000004	0.999943	0.000000	0.000000	1.000000	2	0	877.326538	12.084521	img__0_1546452900320539500.png
1546452900405	-97.318130	-1.262738	-0.594018	0.009551	0.005007	0.000002	0.999942	0.000000	0.000000	0.000000	2	0	918.589600	11.706177	img__0_1546452900401148500.png
1546452900449	-97.709160	-1.255278	-0.594196	0.009561	0.004353	0.000008	0.999945	0.000000	0.000000	0.000000	2	0	972.741028	11.464817	img__0_1546452900444854800.png
1546452900494	-98.090691	-1.247993	-0.594103	0.009567	0.004784	0.000003	0.999943	0.000000	0.000000	0.000000	2	0	1017.170959	11.466637	img__0_1546452900491202800.png
1546452900564	-98.849800	-1.233477	-0.594284	0.009579	0.004194	0.000007	0.999945	0.000000	0.000000	0.000000	2	0	1085.904663	11.275294	img__0_1546452900561425200.png
1546452900601	-99.226845	-1.226259	-0.594533	0.009584	0.003250	0.000015	0.999949	0.000000	0.000000	0.000000	2	0	1111.593140	11.085935	img__0_1546452900597705100.png
1546452900680	-99.966492	-1.212085	-0.594660	0.009593	0.002836	0.000018	0.999950	0.000000	0.000000	0.000000	0	0	1086.103149	11.075828	img__0_1546452900676165400.png
1546452900725	-100.335747	-1.205004	-0.594702	0.009594	0.002745	0.000018	0.999950	0.000000	0.000000	0.000000	0	0	1073.578247	11.081378	img__0_1546452900722082600.png
1546452900803	-101.444099	-1.183741	-0.594989	0.009594	0.001737	0.000024	0.999952	0.000000	0.000000	0.000000	1	0	1000.970032	11.055076	img__0_1546452900797472700.png
1546452900844	-101.812744	-1.176667	-0.595035	0.009594	0.001585	0.000024	0.999953	0.000000	0.000000	0.000000	1	0	1021.215637	10.989972	img__0_1546452900840541000.png
1546452900919	-102.535728	-1.162791	-0.594834	0.009601	0.002331	0.000015	0.999951	0.000000	0.000000	0.000000	1	0	1060.219971	10.666868	img__0_1546452900914418400.png
1546452900962	-102.896629	-1.155863	-0.602042	0.009604	-0.001714	0.000052	0.999952	1.000000	0.000000	0.000000	1	0	1072.748047	10.490435	img__0_1546452900959037200.png
1546452901036	-103.592255	-1.142496	-0.600554	0.009617	-0.000661	0.000041	0.999954	1.000000	0.000000	0.000000	1	0	1305.536743	10.190908	img__0_1546452901031657600.png
1546452901110	-104.269676	-1.129465	-0.600323	0.009628	-0.000340	0.000038	0.999954	1.000000	0.000000	0.000000	1	0	1449.555908	9.904791	img__0_1546452901106587300.png
1546452901187	-104.928894	-1.116772	-0.600225	0.009640	-0.000226	0.000037	0.999953	1.000000	0.000000	0.000000	1	0	1765.064453	9.639766	img__0_1546452901183361100.png
1546452901259	-105.567665	-1.101780	-0.605581	0.010754	0.001701	0.000237	0.999941	1.000000	-0.500000	0.000000	1	0	2169.596191	9.505095	img__0_1546452901256149300.png
1546452901327	-106.197021	-1.074072	-0.605625	0.016744	0.002229	0.001165	0.999857	1.000000	-0.500000	0.000000	1	0	2545.547363	9.307194	img__0_1546452901324538400.png
1546452901405	-106.814430	-1.024056	-0.605569	0.029617	0.002168	0.002866	0.999555	1.000000	-0.500000	0.000000	1	0	2891.697510	9.111454	img__0_1546452901401579300.png
1546452901478	-107.419151	-0.946918	-0.605596	0.048633	0.001929	0.004951	0.998802	1.000000	-0.500000	0.000000	1	0	3213.533203	8.970145	img__0_1546452901474922900.png
1546452901553	-108.011841	-0.845652	-0.605625	0.070079	0.001816	0.006725	0.997517	1.000000	-0.500000	0.000000	1	0	3521.367432	8.916301	img__0_1546452901549709100.png
1546452901628	-108.595612	-0.720062	-0.605645	0.091457	0.001852	0.008156	0.995774	1.000000	0.000000	0.000000	1	0	3821.601318	8.834594	img__0_1546452901624144000.png
1546452901704	-109.173065	-0.585786	-0.605681	0.106587	0.001628	0.008122	0.994269	1.000000	0.000000	0.000000	1	0	4111.869141	8.809479	img__0_1546452901700552800.png
1546452901773	-109.750069	-0.456210	-0.605723	0.111020	0.001229	0.006730	0.993795	1.000000	0.000000	0.000000	1	0	4387.210449	8.767427	img__0_1546452901770772000.png
1546452901848	-110.325249	-0.329357	-0.605761	0.110631	0.000819	0.005054	0.993848	1.000000	0.500000	0.000000	1	0	4654.974121	8.763925	img__0_1546452901845353800.png
1546452901920	-110.902885	-0.215380	-0.605793	0.104044	0.000366	0.002765	0.994569	1.000000	0.500000	0.000000	1	0	4905.776367	8.742311	img__0_1546452901917124500.png
1546452901993	-111.483269	-0.123215	-0.605819	0.090779	-0.000063	-0.000012	0.995871	1.000000	0.500000	0.000000	0	0	4979.282227	8.733759	img__0_1546452901990835400.png
1546452902060	-112.065506	-0.057552	-0.605803	0.072173	-0.000245	-0.002880	0.997388	1.000000	0.000000	0.000000	0	0	4865.102051	8.697768	img__0_1546452902057158300.png
1546452902127	-112.647064	-0.000967	-0.605823	0.057767	-0.000414	-0.004115	0.998322	1.000000	0.000000	0.000000	2	0	4430.440430	8.699667	img__0_1546452902124762600.png
1546452902195	-113.229019	0.066898	-0.605889	0.055379	-0.000638	-0.003297	0.998460	1.000000	-0.500000	0.000000	2	0	4506.454102	8.826918	img__0_1546452902192617000.png
1546452902262	-113.819649	0.155968	-0.606060	0.064360	-0.001121	-0.001195	0.997925	1.000000	-0.500000	0.000000	2	0	4516.914063	9.029343	img__0_1546452902259873300.png
1546452902329	-114.418533	0.271779	-0.606169	0.080901	-0.001264	0.001539	0.996720	1.000000	-0.500000	0.000000	2	0	4530.997559	9.212653	img__0_1546452902326686900.png
1546452902404	-115.024063	0.416019	-0.606270	0.101721	-0.001277	0.004230	0.994803	1.000000	-0.500000	0.000000	2	0	4542.832520	9.421427	img__0_1546452902400596300.png
1546452902473	-115.636078	0.588250	-0.606340	0.123607	-0.001128	0.006513	0.992309	1.000000	-0.500000	0.000000	2	0	4556.549316	9.620070	img__0_1546452902470408100.png
1546452902546	-116.252693	0.789551	-0.606388	0.145741	-0.000873	0.008376	0.989287	1.000000	-0.500000	0.000000	2	0	4572.754395	9.821701	img__0_1546452902543325100.png
1546452902620	-116.872498	1.021011	-0.606418	0.167789	-0.000541	0.009859	0.985774	1.000000	-0.500000	0.000000	2	0	4591.247559	10.015890	img__0_1546452902616973200.png
1546452902689	-117.493668	1.283278	-0.606438	0.189717	-0.000170	0.011013	0.981777	1.000000	-0.500000	0.000000	2	0	4611.846191	10.209730	img__0_1546452902685908600.png
1546452902763	-118.114624	1.576885	-0.606449	0.211451	0.000225	0.011895	0.977316	1.000000	-0.500000	0.000000	2	0	4634.359863	10.399686	img__0_1546452902759931700.png
1546452902835	-118.733665	1.902136	-0.606454	0.232982	0.000628	0.012561	0.972400	1.000000	-0.500000	0.000000	2	0	4658.658691	10.587852	img__0_1546452902830423300.png
1546452902907	-119.349190	2.259231	-0.606456	0.254276	0.001034	0.013061	0.967043	1.000000	-0.500000	0.000000	2	0	4672.491211	10.800012	img__0_1546452902903363700.png
1546452902983	-119.961571	2.661000	-0.627317	0.275606	-0.002759	0.024959	0.960943	1.000000	-0.500000	0.000000	2	0	4725.781250	10.967052	img__0_1546452902978304100.png
1546452903055	-120.568970	3.076631	-0.629605	0.296405	-0.003183	0.028607	0.954629	1.000000	-0.500000	0.000000	2	0	4786.050293	11.104950	img__0_1546452903052742700.png
1546452903125	-121.164490	3.523154	-0.629717	0.317647	-0.002542	0.030327	0.947720	1.000000	-0.500000	0.000000	2	0	4814.480469	11.267632	img__0_1546452903122247600.png
1546452903203	-121.723785	4.001548	-0.658784	0.337621	0.015082	0.034792	0.940518	1.000000	-0.500000	0.000000	2	0	4849.145020	11.456614	img__0_1546452903199154000.png
1546452903279	-122.298462	4.514152	-0.653914	0.357019	0.015110	0.042435	0.933010	1.000000	-0.500000	0.000000	0	0	5025.319336	11.598010	img__0_1546452903276324500.png
1546452903357	-122.855820	5.046866	-0.652689	0.375803	0.016880	0.044723	0.925466	1.000000	-0.500000	0.000000	0	0	4910.083496	11.565474	img__0_1546452903353162000.png
1546452903435	-123.391518	5.593962	-0.647028	0.391957	0.019958	0.043102	0.918757	1.000000	-0.500000	0.000000	0	0	4797.490234	11.531830	img__0_1546452903432102400.png
1546452903515	-123.904922	6.159343	-0.641998	0.407289	0.021728	0.039564	0.912183	1.000000	-0.500000	0.000000	3	0	4333.413086	11.559101	img__0_1546452903511176100.png
1546452903592	-124.398262	6.755749	-0.639814	0.424557	0.021627	0.037283	0.904375	1.000000	-0.500000	0.000000	3	0	4281.374023	11.740644	img__0_1546452903589088500.png
1546452903672	-124.877846	7.378821	-0.634582	0.443131	0.020200	0.034987	0.895546	1.000000	-0.500000	0.000000	3	0	4237.988770	11.961561	img__0_1546452903668196600.png
1546452903752	-125.341240	8.029922	-0.629169	0.460848	0.018490	0.031287	0.886734	1.000000	-0.500000	0.000000	3	0	4192.909668	12.142282	img__0_1546452903748464300.png
1546452903833	-125.784393	8.709870	-0.623991	0.478280	0.016363	0.027423	0.877627	1.000000	-0.500000	0.000000	3	0	4148.209473	12.323805	img__0_1546452903827527700.png
1546452903913	-126.205566	9.417902	-0.619706	0.495680	0.014234	0.023837	0.868062	1.000000	-0.500000	0.000000	3	0	4106.890625	12.503415	img__0_1546452903908052500.png
1546452903996	-126.603149	10.152940	-0.616475	0.513125	0.012486	0.020866	0.857969	1.000000	-0.500000	0.000000	3	0	4070.948975	12.678892	img__0_1546452903991965200.png
1546452904079	-126.975990	10.913754	-0.614022	0.530609	0.011165	0.018587	0.847339	1.000000	-0.500000	0.000000	3	0	4041.184570	12.848845	img__0_1546452904075426200.png
1546452904156	-127.322624	11.699123	-0.612157	0.548083	0.010251	0.016935	0.836190	1.000000	-0.500000	0.000000	3	0	4017.684326	13.012712	img__0_1546452904152308800.png
1546452904243	-127.641441	12.507809	-0.610740	0.565497	0.009691	0.015796	0.824542	1.000000	-0.500000	0.000000	3	0	4000.153564	13.170481	img__0_1546452904239257800.png
1546452904326	-127.930786	13.338518	-0.609662	0.582810	0.009422	0.015046	0.812415	1.000000	-0.500000	0.000000	3	0	3988.112305	13.322438	img__0_1546452904322057200.png
1546452904409	-128.189011	14.189891	-0.608843	0.599989	0.009383	0.014575	0.799820	1.000000	-0.500000	0.000000	3	0	3981.008301	13.469013	img__0_1546452904406372300.png
1546452904501	-128.414520	15.060495	-0.608221	0.617010	0.009519	0.014293	0.786768	1.000000	-0.500000	0.000000	3	0	3978.280762	13.610661	img__0_1546452904493932200.png
1546452904578	-128.605804	15.948915	-0.607909	0.633864	0.009700	0.014157	0.773254	1.000000	-0.500000	0.000000	3	0	3978.683838	13.747329	img__0_1546452904574915200.png
1546452904660	-128.762024	16.853846	-0.608690	0.650441	0.009389	0.014031	0.759369	1.000000	-0.500000	0.000000	3	0	3987.299072	13.878549	img__0_1546452904657892200.png
1546452904745	-128.881058	17.772499	-0.608314	0.666612	0.009659	0.013754	0.745216	1.000000	-0.500000	0.000000	3	0	3991.114014	14.008703	img__0_1546452904742540500.png
1546452904835	-128.960648	18.704124	-0.610221	0.682855	0.010163	0.013834	0.730352	1.000000	-0.500000	0.000000	3	0	4002.423828	14.134348	img__0_1546452904830245200.png
1546452904926	-129.002670	19.646418	-0.610305	0.698999	0.010441	0.013507	0.714918	1.000000	-0.500000	0.000000	3	0	4014.041992	14.256829	img__0_1546452904923196300.png
1546452905020	-129.004425	20.595215	-0.608397	0.714151	0.012261	0.012192	0.699778	1.000000	-0.500000	0.000000	3	0	4036.943604	14.375015	img__0_1546452905015427800.png
1546452905119	-128.966385	21.554455	-0.608748	0.728762	0.012872	0.012624	0.684530	1.000000	0.000000	0.000000	3	0	4039.608887	14.525850	img__0_1546452905113480500.png
1546452905213	-128.907349	22.517378	-0.601613	0.737864	0.014793	0.009247	0.674724	1.000000	0.000000	0.000000	3	0	4064.092773	14.669785	img__0_1546452905210420100.png
1546452905319	-128.834656	23.496716	-0.600615	0.742283	0.012238	0.009191	0.669912	1.000000	0.000000	0.000000	3	0	4081.788574	14.821564	img__0_1546452905312576100.png
1546452905421	-128.747452	24.483862	-0.600769	0.743564	0.010348	0.008169	0.668535	1.000000	0.500000	0.000000	3	0	4083.595947	14.980318	img__0_1546452905416951100.png
1546452905522	-128.662567	25.483686	-0.595382	0.741036	0.006787	0.007592	0.671388	1.000000	0.500000	0.000000	3	0	4092.782227	15.133273	img__0_1546452905518650200.png
1546452905623	-128.588226	26.492548	-0.595383	0.734592	0.003892	0.005686	0.678474	1.000000	0.000000	0.000000	3	0	4099.873535	15.292274	img__0_1546452905619587700.png
1546452905719	-128.511047	27.511118	-0.595545	0.731329	0.002088	0.004211	0.682008	1.000000	0.000000	0.000000	3	0	4105.615723	15.450157	img__0_1546452905716164200.png
1546452905817	-128.436325	28.540283	-0.595656	0.730045	0.000691	0.002961	0.683392	1.000000	0.000000	0.000000	3	0	4113.081055	15.606820	img__0_1546452905811673300.png
1546452905911	-128.364273	29.580051	-0.595733	0.729574	-0.000317	0.002029	0.683899	1.000000	0.000000	0.000000	3	0	4122.876953	15.761821	img__0_1546452905908166100.png
1546452905999	-128.293747	30.630272	-0.595788	0.729421	-0.000949	0.001435	0.684063	1.000000	0.500000	0.000000	3	0	4136.020020	15.913028	img__0_1546452905994842800.png
1546452906093	-128.230637	31.690884	-0.595822	0.727536	-0.001618	0.000771	0.686067	1.000000	0.500000	0.000000	3	0	4157.476074	16.050745	img__0_1546452906090284500.png
1546452906190	-128.185104	32.761353	-0.595838	0.721723	-0.002648	-0.000298	0.692176	1.000000	0.000000	0.000000	3	0	4179.204102	16.187922	img__0_1546452906187064500.png
1546452906272	-128.149414	33.841908	-0.595866	0.716233	-0.003315	-0.000927	0.697853	1.000000	0.000000	0.000000	3	0	4195.853027	16.334829	img__0_1546452906270304500.png
1546452906358	-128.117249	34.932518	-0.595889	0.713921	-0.003523	-0.001116	0.700217	1.000000	0.000000	0.000000	3	0	4212.271484	16.482698	img__0_1546452906355793300.png
1546452906452	-128.090759	36.033184	-0.595905	0.713010	-0.003565	-0.001150	0.701144	1.000000	0.000000	0.000000	3	0	4230.047363	16.630072	img__0_1546452906448912200.png
1546452906540	-128.068237	37.143787	-0.595917	0.712687	-0.003426	-0.001011	0.701473	1.000000	0.000000	0.000000	3	0	4248.939453	16.776665	img__0_1546452906537145000.png
1546452906630	-128.048035	38.264221	-0.595926	0.712594	-0.003148	-0.000736	0.701570	1.000000	0.000000	0.000000	3	0	4264.230957	16.927485	img__0_1546452906625361600.png
1546452906723	-128.029007	39.395958	-0.600973	0.712590	-0.003960	0.000784	0.701569	1.000000	0.000000	0.000000	3	0	4309.553223	17.056095	img__0_1546452906720501100.png
1546452906799	-128.010391	40.535881	-0.601972	0.712590	-0.004054	0.001802	0.701566	1.000000	0.000000	0.000000	3	0	4331.755371	17.199396	img__0_1546452906795053800.png
1546452906882	-127.992523	41.681923	-0.606802	0.712575	-0.002355	0.000707	0.701592	1.000000	0.000000	0.000000	3	0	4352.740234	17.339193	img__0_1546452906877823500.png
1546452906972	-127.974525	42.839153	-0.607382	0.712569	-0.001548	0.000510	0.701600	1.000000	0.000000	0.000000	3	0	4372.897949	17.483179	img__0_1546452906968649900.png
1546452907050	-127.956734	44.007187	-0.606671	0.712618	-0.001497	0.000839	0.701550	1.000000	0.000000	0.000000	3	0	4394.770508	17.626398	img__0_1546452907048515900.png
1546452907136	-127.938728	45.184505	-0.606523	0.712635	-0.001436	0.000903	0.701533	1.000000	0.000000	0.000000	3	0	4417.182617	17.768995	img__0_1546452907133845200.png
1546452907219	-127.920258	46.371326	-0.606439	0.712626	-0.001367	0.000993	0.701542	1.000000	0.000000	0.000000	3	0	4440.264160	17.910610	img__0_1546452907215908900.png
1546452907307	-127.901588	47.567554	-0.606394	0.712618	-0.001289	0.001058	0.701550	1.000000	0.500000	0.000000	3	0	4464.834961	18.050026	img__0_1546452907303888100.png
1546452907398	-127.889542	48.772984	-0.606345	0.710718	-0.001561	0.000756	0.703475	1.000000	0.500000	0.000000	3	0	4495.662598	18.177870	img__0_1546452907391070600.png
1546452907483	-127.890854	49.987873	-0.607386	0.706060	-0.002754	0.000271	0.708147	1.000000	0.000000	0.000000	3	0	4520.328613	18.316713	img__0_1546452907477472700.png
1546452907557	-127.894287	51.211338	-0.607501	0.703489	-0.003263	-0.000234	0.710699	1.000000	0.000000	0.000000	3	0	4544.453125	18.456003	img__0_1546452907554157000.png
1546452907635	-127.902359	52.442669	-0.607938	0.702329	-0.002990	-0.001409	0.711845	1.000000	0.000000	0.000000	3	0	4569.568848	18.595457	img__0_1546452907633668600.png
1546452907717	-127.914177	53.684589	-0.607458	0.701815	-0.003038	-0.001499	0.712352	1.000000	0.000000	0.000000	3	0	4593.643066	18.734142	img__0_1546452907712833400.png
1546452907794	-127.928329	54.931087	-0.598780	0.701688	-0.000585	-0.003122	0.712478	1.000000	0.000000	0.000000	3	0	4640.240723	18.859272	img__0_1546452907790720300.png
1546452907869	-127.944969	56.191128	-0.600521	0.701716	-0.000652	-0.002124	0.712453	1.000000	0.000000	0.000000	3	0	4671.422852	18.990536	img__0_1546452907867056400.png
1546452907949	-127.963028	57.461811	-0.595265	0.701721	-0.001735	-0.000378	0.712450	1.000000	0.000000	0.000000	3	0	4695.302734	19.131878	img__0_1546452907943817400.png
1546452908021	-127.981880	58.739780	-0.595290	0.701723	-0.001820	0.000229	0.712448	1.000000	0.000000	0.000000	3	0	4719.504883	19.268024	img__0_1546452908019439700.png
1546452908107	-127.999519	60.026436	-0.595462	0.702226	-0.001605	0.000625	0.711952	1.000000	-0.500000	0.000000	3	0	4746.495117	19.398520	img__0_1546452908104550700.png
1546452908186	-128.004883	61.321575	-0.595580	0.706034	-0.000823	0.001416	0.708176	1.000000	-0.500000	0.000000	3	0	4780.932617	19.514135	img__0_1546452908182316300.png
1546452908256	-127.991257	62.624622	-0.595677	0.713197	0.000327	0.002559	0.700959	1.000000	0.000000	0.000000	3	0	4805.208496	19.647818	img__0_1546452908254238800.png
1546452908337	-127.971588	63.936630	-0.595747	0.717437	0.000917	0.003137	0.696616	1.000000	0.000000	0.000000	3	0	4827.661621	19.783085	img__0_1546452908333546300.png
1546452908417	-127.942886	65.257515	-0.595800	0.719469	0.001342	0.003545	0.694514	0.000000	0.000000	0.000000	3	0	4711.346191	19.918758	img__0_1546452908412220900.png
1546452908490	-127.905701	66.587074	-0.595834	0.720385	0.001580	0.003752	0.693562	0.000000	0.000000	0.000000	3	0	4108.163574	20.039463	img__0_1546452908487231100.png
1546452908569	-127.862312	67.923668	-0.595831	0.720764	0.001639	0.003660	0.693169	0.000000	0.000000	0.000000	3	0	3515.140869	20.113878	img__0_1546452908565845800.png
1546452908648	-127.814857	69.264015	-0.595790	0.720917	0.001576	0.003295	0.693012	0.000000	0.000000	0.000000	0	0	3434.535156	20.107401	img__0_1546452908643374500.png
1546452908722	-127.766861	70.607941	-0.602828	0.720395	-0.001142	0.005220	0.693543	0.000000	0.500000	0.000000	0	0	3355.777588	20.085815	img__0_1546452908719231800.png
1546452908801	-127.727623	71.944679	-0.601291	0.717290	-0.001235	0.003494	0.696765	0.000000	0.000000	0.000000	2	0	3144.437256	20.060436	img__0_1546452908798472400.png
1546452908871	-127.694878	73.275009	-0.609143	0.713775	0.000818	0.000423	0.700374	0.000000	0.000000	0.000000	2	0	2871.893066	19.946117	img__0_1546452908868176400.png
1546452908949	-127.664795	74.601830	-0.606740	0.711697	0.000543	-0.000199	0.702486	0.000000	0.000000	0.000000	2	0	2653.870361	19.807678	img__0_1546452908943995100.png
1546452909017	-127.640495	75.919037	-0.607297	0.710662	0.000582	-0.000700	0.703533	0.000000	0.000000	0.000000	2	0	2479.403320	19.652163	img__0_1546452909014741400.png
1546452909094	-127.622192	77.226845	-0.605657	0.710155	-0.000317	-0.000990	0.704045	0.000000	0.000000	0.000000	2	0	2339.086914	19.483118	img__0_1546452909091367200.png
1546452909165	-127.607002	78.522156	-0.605720	0.709930	-0.000438	-0.001670	0.704270	0.000000	0.000000	0.000000	2	0	2225.420166	19.304655	img__0_1546452909160726500.png
1546452909235	-127.593758	79.805664	-0.605608	0.709835	-0.000346	-0.001931	0.704365	0.000000	0.000000	0.000000	2	0	2132.995605	19.118694	img__0_1546452909231850200.png
1546452909310	-127.581978	81.076752	-0.605515	0.709801	-0.000133	-0.001988	0.704399	0.000000	-0.500000	0.000000	2	0	2056.658203	18.927183	img__0_1546452909307105700.png
1546452909385	-127.568230	82.335342	-0.605968	0.710638	-0.000002	-0.001705	0.703556	0.000000	-0.500000	0.000000	2	0	1994.515625	18.729815	img__0_1546452909382499100.png
1546452909460	-127.549370	83.580704	-0.606550	0.712791	0.000130	-0.001463	0.701375	0.000000	0.000000	0.000000	2	0	1939.990845	18.531839	img__0_1546452909456909000.png
1546452909529	-127.527939	84.810959	-0.605855	0.714421	0.001326	-0.002116	0.699712	0.000000	0.000000	0.000000	2	0	1896.553833	18.330666	img__0_1546452909525344300.png
1546452909598	-127.505028	86.029526	-0.606460	0.715158	0.001320	-0.002016	0.698958	0.000000	0.000000	1.000000	2	0	1808.974365	18.167734	img__0_1546452909594126000.png
1546452909672	-127.479370	87.233360	-0.599885	0.715457	0.002776	-0.002499	0.698646	0.000000	0.000000	1.000000	2	0	1697.473877	17.860786	img__0_1546452909667586900.png
1546452909739	-127.453102	88.416267	-0.599667	0.715576	0.003696	-0.002820	0.698520	0.000000	0.000000	1.000000	2	0	1541.811523	17.479383	img__0_1546452909735598500.png
1546452909816	-127.426880	89.572906	-0.594067	0.715719	0.003119	-0.002071	0.698378	0.000000	0.000000	1.000000	0	0	1506.456177	17.027100	img__0_1546452909813115700.png
1546452909880	-127.400536	90.699471	-0.593941	0.715838	0.003055	-0.002023	0.698257	0.000000	0.000000	1.000000	0	0	1471.911499	16.580175	img__0_1546452909876276500.png
1546452909952	-127.374115	91.796700	-0.594026	0.715914	0.003091	-0.002151	0.698178	0.000000	0.000000	1.000000	1	0	1387.424927	16.143295	img__0_1546452909948811900.png
1546452910024	-127.347939	92.862549	-0.594013	0.715963	0.003325	-0.002522	0.698126	0.000000	0.000000	1.000000	1	0	1283.082153	15.586762	img__0_1546452910020798500.png
1546452910086	-127.322334	93.891388	-0.593978	0.716001	0.003536	-0.002884	0.698084	0.000000	0.000000	1.000000	1	0	1192.873657	15.028927	img__0_1546452910082559800.png
1546452910151	-127.297401	94.883163	-0.593944	0.716033	0.003702	-0.003194	0.698050	0.000000	0.000000	1.000000	1	0	1114.617676	14.470018	img__0_1546452910149000500.png
1546452910226	-127.273232	95.837807	-0.593914	0.716060	0.003828	-0.003446	0.698020	0.000000	0.000000	1.000000	1	0	1046.552002	13.910437	img__0_1546452910222919400.png
1546452910289	-127.249893	96.755234	-0.593890	0.716084	0.003924	-0.003648	0.697993	0.000000	0.000000	1.000000	1	0	987.193848	13.350549	img__0_1546452910287285400.png
1546452910363	-127.227402	97.635414	-0.593870	0.716106	0.003998	-0.003807	0.697969	0.000000	0.000000	1.000000	1	0	935.267151	12.790755	img__0_1546452910359729400.png
1546452910433	-127.205788	98.478340	-0.593854	0.716127	0.004056	-0.003930	0.697947	0.000000	0.000000	1.000000	1	0	889.667847	12.231488	img__0_1546452910430213600.png
1546452910503	-127.185097	99.284012	-0.593841	0.716146	0.004102	-0.004026	0.697927	0.000000	0.000000	0.000000	1	0	867.290955	11.673270	img__0_1546452910499995800.png
1546452910574	-127.165215	100.055855	-0.593921	0.716164	0.003900	-0.003855	0.697910	0.000000	0.000000	0.000000	1	0	912.661499	11.260155	img__0_1546452910571004700.png
1546452910642	-127.145889	100.803856	-0.594096	0.716179	0.003463	-0.003433	0.697900	0.000000	0.000000	0.000000	1	0	964.243347	10.913517	img__0_1546452910639175100.png
1546452910709	-127.127129	101.529526	-0.594230	0.716191	0.003124	-0.003104	0.697891	0.000000	0.000000	0.000000	1	0	1006.156921	10.588627	img__0_1546452910706632700.png
1546452910771	-127.108780	102.238266	-0.601385	0.716207	0.000400	-0.000325	0.697888	1.000000	0.000000	0.000000	1	0	1125.573486	10.347448	img__0_1546452910769241200.png
1546452910842	-127.090981	102.925095	-0.600060	0.716215	0.000774	-0.000718	0.697879	1.000000	0.000000	0.000000	1	0	1441.659058	10.054826	img__0_1546452910839435900.png
1546452910905	-127.073631	103.594223	-0.599956	0.716222	0.000694	-0.000645	0.697871	1.000000	0.000000	0.000000	1	0	1875.304199	9.788891	img__0_1546452910902454900.png
1546452910974	-127.056190	104.247948	-0.601533	0.716241	0.000193	0.000364	0.697853	1.000000	0.000000	0.000000	1	0	2276.739014	9.574173	img__0_1546452910971444500.png
1546452911042	-127.039658	104.883453	-0.606666	0.716291	0.001660	-0.000684	0.697800	1.000000	0.000000	0.000000	1	0	2650.727783	9.492722	img__0_1546452911039722000.png
1546452911111	-127.023338	105.513405	-0.606734	0.716351	0.001968	-0.000819	0.697736	1.000000	0.000000	0.000000	1	0	2998.480469	9.364075	img__0_1546452911108100800.png
1546452911181	-127.007149	106.136772	-0.606701	0.716407	0.001797	-0.000587	0.697680	1.000000	0.000000	0.000000	1	0	3319.134277	9.258703	img__0_1546452911176228000.png
1546452911253	-126.982704	107.058228	-0.607762	0.715900	0.002736	-0.000398	0.698198	1.000000	0.000000	0.000000	1	0	3777.239746	9.228726	img__0_1546452911236233000.png
1546452911330	-126.967232	107.666275	-0.607070	0.715978	0.002823	-0.000532	0.698117	1.000000	0.000000	0.000000	1	0	4068.464111	9.174898	img__0_1546452911326313500.png
1546452911404	-126.951660	108.269073	-0.606488	0.715883	0.002584	-0.000697	0.698215	1.000000	0.000000	0.000000	1	0	4347.000488	9.148565	img__0_1546452911399566900.png
1546452911457	-126.935768	108.867401	-0.606571	0.715880	0.002279	-0.000647	0.698220	1.000000	0.000000	0.000000	1	0	4612.630371	9.128324	img__0_1546452911454906100.png
1546452911529	-126.920143	109.462448	-0.606454	0.715788	0.001902	-0.000487	0.698315	1.000000	0.000000	0.000000	1	0	4868.106934	9.132923	img__0_1546452911525048200.png
1546452911599	-126.904823	110.058907	-0.605919	0.715775	0.001359	-0.000431	0.698329	1.000000	0.000000	0.000000	0	0	5122.895020	9.139918	img__0_1546452911592928400.png
1546452911656	-126.889687	110.650024	-0.605416	0.715701	0.000742	-0.000473	0.698406	1.000000	-0.500000	0.000000	0	0	5008.370605	9.122257	img__0_1546452911653644000.png
1546452911718	-126.866371	111.235603	-0.605485	0.718044	0.000947	-0.000224	0.695997	1.000000	-0.500000	0.000000	0	0	4897.100098	9.108398	img__0_1546452911716268000.png
1546452911788	-126.826248	111.816628	-0.605520	0.724305	0.001769	0.000638	0.689477	1.000000	-0.500000	0.000000	2	0	4558.218750	9.142741	img__0_1546452911785064900.png
1546452911850	-126.761497	112.399353	-0.606441	0.735336	0.002739	0.002673	0.677692	1.000000	-0.500000	0.000000	2	0	4572.653320	9.321061	img__0_1546452911847333200.png
1546452911915	-126.671234	112.987793	-0.606834	0.748525	0.004108	0.004539	0.663079	1.000000	-0.500000	0.000000	2	0	4583.885254	9.512530	img__0_1546452911911684900.png
1546452911985	-126.556900	113.581337	-0.606661	0.762162	0.005367	0.005767	0.647338	1.000000	-0.500000	0.000000	2	0	4593.730957	9.702583	img__0_1546452911983111900.png
1546452912053	-126.416725	114.180946	-0.606511	0.775676	0.006426	0.006656	0.631064	1.000000	-0.500000	0.000000	2	0	4605.638672	9.893020	img__0_1546452912050451100.png
1546452912123	-126.252846	114.783203	-0.607201	0.788030	0.007611	0.007101	0.615549	1.000000	0.000000	0.000000	2	0	4615.931152	10.103692	img__0_1546452912120603300.png
1546452912189	-126.079071	115.414619	-0.607277	0.794745	0.007373	0.006750	0.606862	1.000000	0.000000	0.000000	2	0	4630.671387	10.308613	img__0_1546452912186732200.png
1546452912256	-125.902710	116.059761	-0.607086	0.796618	0.005977	0.006057	0.604423	1.000000	-0.500000	0.000000	2	0	4638.799316	10.517131	img__0_1546452912253443700.png
1546452912324	-125.713104	116.714790	-0.607198	0.798817	0.004992	0.005717	0.601525	1.000000	-0.500000	0.000000	2	0	4657.297852	10.706374	img__0_1546452912321292400.png
1546452912399	-125.503433	117.375854	-0.606839	0.803969	0.004731	0.005559	0.594627	1.000000	-0.500000	0.000000	2	0	4685.005859	10.878284	img__0_1546452912393847600.png
1546452912470	-125.267624	118.039413	-0.606167	0.812560	0.005034	0.005567	0.582829	1.000000	-0.500000	0.000000	2	0	4712.677734	11.043821	img__0_1546452912466691100.png
1546452912536	-125.002304	118.703384	-0.606623	0.823342	0.006140	0.005907	0.567481	1.000000	-0.500000	0.000000	2	0	4739.031250	11.217635	img__0_1546452912533751700.png
1546452912605	-124.708763	119.368011	-0.606854	0.834594	0.007333	0.006446	0.550778	1.000000	-0.500000	0.000000	2	0	4766.472656	11.388464	img__0_1546452912601959000.png
1546452912682	-124.385887	120.033211	-0.608250	0.845821	0.007237	0.007789	0.533362	1.000000	-0.500000	0.000000	2	0	4796.365234	11.558105	img__0_1546452912677301800.png
1546452912758	-124.032898	120.693153	-0.608666	0.856449	0.008250	0.008123	0.516101	1.000000	-0.500000	0.000000	2	0	4828.672852	11.725492	img__0_1546452912754598400.png
1546452912836	-123.649498	121.348785	-0.608647	0.866700	0.009159	0.008372	0.498676	1.000000	-0.500000	0.000000	2	0	4861.155273	11.889016	img__0_1546452912832668200.png
1546452912918	-123.236412	121.998009	-0.610028	0.876499	0.009834	0.007679	0.481241	1.000000	-0.500000	0.000000	0	0	5004.678711	12.055034	img__0_1546452912914862300.png
1546452912993	-122.794479	122.636032	-0.610915	0.885817	0.011134	0.007171	0.463846	1.000000	-0.500000	0.000000	0	0	4892.980469	12.027759	img__0_1546452912990926100.png
1546452913081	-122.329742	123.256119	-0.610758	0.894808	0.011986	0.006767	0.446238	1.000000	-0.500000	0.000000	0	0	4783.718262	11.999469	img__0_1546452913076725500.png
1546452913166	-121.843666	123.856689	-0.609037	0.903250	0.012594	0.005527	0.428895	1.000000	-0.500000	0.000000	3	0	4319.973633	12.039883	img__0_1546452913163152300.png
1546452913258	-121.327461	124.444450	-0.608509	0.911409	0.012813	0.005525	0.411265	1.000000	-0.500000	0.000000	3	0	4272.670898	12.217629	img__0_1546452913254309800.png
1546452913355	-120.779823	125.020592	-0.608304	0.919286	0.013338	0.005754	0.393323	1.000000	-0.500000	0.000000	3	0	4221.940918	12.394781	img__0_1546452913350818100.png
1546452913450	-120.202232	125.586189	-0.606823	0.926981	0.012847	0.006291	0.374836	1.000000	-0.500000	0.000000	3	0	4180.282227	12.563827	img__0_1546452913442559800.png
1546452913535	-119.593040	126.135620	-0.605675	0.934335	0.012973	0.006785	0.356096	1.000000	-0.500000	0.000000	3	0	4143.536621	12.729880	img__0_1546452913532376900.png
1546452913626	-118.954559	126.667068	-0.606012	0.941270	0.013672	0.006537	0.337314	1.000000	-0.500000	0.000000	3	0	4112.325195	12.890871	img__0_1546452913623209100.png
1546452913722	-118.286850	127.180557	-0.606073	0.947896	0.014122	0.006358	0.318204	1.000000	-0.500000	0.000000	3	0	4087.494629	13.046782	img__0_1546452913717179200.png
1546452913816	-117.590240	127.673836	-0.606102	0.954186	0.014508	0.006151	0.298800	1.000000	-0.500000	0.000000	3	0	4068.234375	13.198059	img__0_1546452913813639700.png
1546452913915	-116.865181	128.145035	-0.606149	0.960135	0.014884	0.005946	0.279077	1.000000	-0.500000	0.000000	3	0	4053.053955	13.345116	img__0_1546452913913540100.png
1546452914024	-116.111755	128.592804	-0.607351	0.965746	0.014891	0.006144	0.258988	1.000000	-0.500000	0.000000	3	0	4042.481689	13.487288	img__0_1546452914021146400.png
1546452914130	-115.330009	129.014954	-0.610350	0.971016	0.014607	0.007164	0.238462	1.000000	-0.500000	0.000000	3	0	4042.270264	13.620837	img__0_1546452914124313700.png
1546452914235	-114.525604	129.411057	-0.610586	0.975618	0.014129	0.006220	0.218932	1.000000	-0.500000	0.000000	3	0	4049.995361	13.751906	img__0_1546452914232914500.png
1546452914347	-113.696434	129.776398	-0.610500	0.979913	0.014303	0.004605	0.198861	1.000000	-0.500000	0.000000	3	0	4049.152588	13.886967	img__0_1546452914343500500.png
1546452914462	-112.836685	130.113281	-0.612398	0.983971	0.014511	0.002100	0.177728	1.000000	-0.500000	0.000000	3	0	4046.064697	14.020131	img__0_1546452914459007100.png
1546452914581	-111.954216	130.417999	-0.613794	0.987852	0.013759	0.004227	0.154730	1.000000	-0.500000	0.000000	3	0	4059.411621	14.143054	img__0_1546452914576535800.png
1546452914701	-111.048279	130.687347	-0.612818	0.990995	0.014098	0.005113	0.133060	1.000000	-0.500000	0.000000	3	0	4066.403076	14.267828	img__0_1546452914698801800.png
1546452914828	-110.124756	130.917435	-0.612458	0.993638	0.015260	0.004908	0.111473	1.000000	-0.500000	0.000000	3	0	4080.997070	14.386388	img__0_1546452914823410000.png
1546452914961	-109.186775	131.111282	-0.614807	0.995865	0.014936	0.003042	0.089554	1.000000	-0.500000	0.000000	3	0	4091.097168	14.504309	img__0_1546452914957630800.png
1546452915086	-108.232140	131.262878	-0.616029	0.997602	0.015913	0.001928	0.067328	1.000000	-0.500000	0.000000	3	0	4103.213867	14.622010	img__0_1546452915083733600.png
1546452915223	-107.263329	131.375687	-0.613955	0.998874	0.016484	0.001420	0.044467	1.000000	-0.500000	0.000000	3	0	4118.853027	14.737793	img__0_1546452915220297000.png
1546452915365	-106.264763	131.453323	-0.639610	0.999611	0.011255	0.014406	0.021058	1.000000	-0.500000	0.000000	3	0	4162.403809	14.822416	img__0_1546452915359174700.png
1546452915502	-105.280449	131.490280	-0.632771	0.999936	0.005284	0.009995	-0.000079	1.000000	-0.500000	0.000000	3	0	4186.197266	14.926336	img__0_1546452915500832700.png
1546452915650	-104.282745	131.477219	-0.630140	0.999706	0.004471	0.010086	-0.021570	1.000000	-0.500000	0.000000	3	0	4209.611328	15.033383	img__0_1546452915646816900.png
1546452915798	-103.286667	131.435806	-0.652813	0.998939	-0.008076	0.004024	-0.045164	1.000000	-0.500000	0.000000	3	0	4247.791016	15.123411	img__0_1546452915794534800.png
1546452915950	-102.301552	131.338928	-0.623264	0.997712	-0.007959	-0.011752	-0.066103	1.000000	-0.500000	0.000000	3	0	4260.945313	15.235483	img__0_1546452915946592900.png
1546452916103	-101.287598	131.194275	-0.632618	0.996030	-0.004107	-0.007152	-0.088640	1.000000	0.000000	0.000000	3	0	4285.047363	15.362724	img__0_1546452916100292700.png
1546452916259	-100.271469	131.027435	-0.636656	0.994529	-0.004167	-0.004996	-0.104262	1.000000	0.000000	0.000000	3	0	4297.261719	15.498455	img__0_1546452916255339900.png
1546452916417	-99.247108	130.824356	-0.619046	0.993471	0.008025	-0.000295	-0.113804	1.000000	0.000000	0.000000	3	0	4307.280273	15.665874	img__0_1546452916413896000.png
1546452916573	-98.223366	130.615997	-0.616887	0.992845	0.010400	-0.001702	-0.118949	1.000000	0.000000	0.000000	3	0	4322.840820	15.810216	img__0_1546452916570043900.png
1546452916736	-97.194130	130.387512	-0.614428	0.992534	0.011371	-0.003224	-0.121397	1.000000	0.000000	0.000000	3	0	4323.048828	15.970058	img__0_1546452916727732700.png
1546452916883	-96.153114	130.144775	-0.610744	0.992495	0.011695	-0.001701	-0.121710	1.000000	0.500000	0.000000	3	0	4323.960938	16.128860	img__0_1546452916878914400.png
1546452917036	-95.099556	129.905060	-0.608410	0.993143	0.009462	0.000880	-0.116518	1.000000	0.500000	0.000000	3	0	4334.716309	16.272680	img__0_1546452917033638300.png
1546452917189	-94.035553	129.680344	-0.607522	0.994462	0.006002	0.001881	-0.104910	1.000000	0.000000	0.000000	3	0	4349.943848	16.410772	img__0_1546452917186678900.png
1546452917341	-92.959923	129.472809	-0.609347	0.995805	0.002304	0.001861	-0.091451	1.000000	0.500000	0.000000	3	0	4368.322266	16.533455	img__0_1546452917338613500.png
1546452917491	-91.871132	129.294250	-0.610347	0.997252	-0.001872	0.001882	-0.074040	1.000000	0.500000	0.000000	3	0	4396.430176	16.632597	img__0_1546452917489102200.png
1546452917640	-90.770271	129.150726	-0.610498	0.998585	-0.005185	0.001906	-0.052896	1.000000	0.500000	0.000000	3	0	4424.021973	16.728355	img__0_1546452917638361900.png
1546452917785	-89.660675	129.044846	-0.607398	0.999466	-0.008429	0.000303	-0.031558	1.000000	0.000000	0.000000	3	0	4448.362305	16.850605	img__0_1546452917783651600.png
1546452917935	-88.537285	128.963379	-0.608097	0.999801	-0.010290	0.000686	-0.017072	1.000000	0.000000	0.000000	3	0	4460.062988	16.989473	img__0_1546452917933010100.png
1546452918069	-87.401344	128.900238	-0.605197	0.999892	-0.010866	0.002347	-0.009640	1.000000	0.000000	0.000000	3	0	4468.855957	17.135145	img__0_1546452918067922600.png
1546452918203	-86.257507	128.857101	-0.606095	0.999916	-0.011110	0.002016	-0.006322	1.000000	0.000000	0.000000	3	0	4480.161621	17.283533	img__0_1546452918201269700.png
1546452918348	-85.102867	128.827377	-0.606366	0.999931	-0.010439	0.002078	-0.005016	1.000000	0.000000	0.000000	3	0	4489.125488	17.434767	img__0_1546452918343470500.png
1546452918495	-83.937859	128.806946	-0.607533	0.999939	-0.009787	0.002299	-0.004645	1.000000	0.000000	0.000000	3	0	4499.461426	17.583836	img__0_1546452918491936700.png
1546452918629	-82.762871	128.790970	-0.608721	0.999947	-0.008807	0.002548	-0.004643	1.000000	0.000000	0.000000	3	0	4515.988281	17.729895	img__0_1546452918625436000.png
1546452918764	-81.579903	128.776886	-0.607791	0.999961	-0.007390	0.001438	-0.004709	1.000000	0.000000	0.000000	3	0	4529.270020	17.876463	img__0_1546452918762499500.png
1546452918911	-80.386353	128.764374	-0.608332	0.999969	-0.006174	0.000924	-0.004721	1.000000	0.000000	0.000000	3	0	4543.713867	18.023439	img__0_1546452918908128000.png
1546452919048	-79.181274	128.751663	-0.606802	0.999977	-0.004421	0.001737	-0.004757	1.000000	0.000000	0.000000	3	0	4559.439941	18.169250	img__0_1546452919044869400.png
1546452919189	-77.967003	128.740082	-0.607364	0.999981	-0.003195	0.002230	-0.004825	1.000000	0.000000	0.000000	3	0	4578.005859	18.313200	img__0_1546452919186310500.png
1546452919318	-76.743629	128.726730	-0.608633	0.999979	-0.002087	0.002429	-0.005594	1.000000	-0.500000	0.000000	3	0	4600.372559	18.448788	img__0_1546452919316260200.png
1546452919457	-75.512291	128.701416	-0.609809	0.999938	-0.000870	0.002144	-0.010901	1.000000	-0.500000	0.000000	3	0	4631.643555	18.568815	img__0_1546452919453999000.png
1546452919596	-74.273567	128.656204	-0.610880	0.999780	0.001261	0.001607	-0.020870	1.000000	0.000000	0.000000	3	0	4661.653320	18.699274	img__0_1546452919593591000.png
1546452919727	-73.026451	128.604980	-0.608688	0.999628	0.002569	0.000813	-0.027122	1.000000	0.000000	0.000000	3	0	4680.106934	18.839703	img__0_1546452919724225400.png
1546452919867	-71.774551	128.547165	-0.600375	0.999548	0.002842	-0.002518	-0.029808	1.000000	0.000000	0.000000	3	0	4722.797852	18.968370	img__0_1546452919864546000.png
1546452920010	-70.508179	128.480453	-0.600433	0.999515	0.003398	-0.001269	-0.030924	1.000000	0.000000	0.000000	3	0	4751.649902	19.103069	img__0_1546452920005934500.png
1546452920138	-69.229118	128.410156	-0.593774	0.999514	0.003366	0.002681	-0.030873	1.000000	0.500000	0.000000	3	0	4775.436523	19.234999	img__0_1546452920137106700.png
1546452920278	-67.947105	128.343002	-0.595202	0.999602	0.002644	0.001906	-0.028023	1.000000	0.000000	0.000000	3	0	4793.761230	19.375422	img__0_1546452920273053200.png
1546452920415	-66.655113	128.273041	-0.595402	0.999643	0.002078	0.001719	-0.026581	1.000000	0.000000	0.000000	3	0	4812.036133	19.516708	img__0_1546452920412757500.png
1546452920539	-65.353561	128.203278	-0.595529	0.999663	0.001479	0.001674	-0.025879	1.000000	0.000000	0.000000	3	0	4831.248535	19.656864	img__0_1546452920537823500.png
1546452920668	-64.042610	128.134109	-0.595628	0.999672	0.000944	0.001664	-0.025551	1.000000	0.000000	0.000000	3	0	4851.278809	19.795961	img__0_1546452920666210200.png
1546452920796	-62.722378	128.065353	-0.595705	0.999676	0.000536	0.001662	-0.025405	1.000000	0.000000	0.000000	3	0	4871.984863	19.934177	img__0_1546452920793083000.png
1546452920928	-61.392891	127.998505	-0.595762	0.999695	0.000122	0.001657	-0.024623	1.000000	0.500000	0.000000	0	0	5015.309570	20.065481	img__0_1546452920922689600.png
1546452921052	-60.057137	127.939171	-0.595718	0.999771	-0.000524	0.001360	-0.021355	1.000000	0.000000	0.000000	0	0	4900.303223	20.046877	img__0_1546452921049956300.png
1546452921177	-58.722679	127.880554	-0.595667	0.999804	-0.000791	0.001054	-0.019766	1.000000	0.000000	0.000000	0	0	4787.934570	20.027046	img__0_1546452921174147600.png
1546452921301	-57.389374	127.824745	-0.595624	0.999819	-0.000982	0.000806	-0.018990	1.000000	0.000000	0.000000	4	0	4228.951660	20.099659	img__0_1546452921299212700.png
1546452921428	-56.042427	127.770821	-0.602831	0.999815	-0.000991	0.004701	-0.018621	1.000000	0.000000	0.000000	4	0	4164.965820	20.230757	img__0_1546452921423698700.png
1546452921552	-54.692665	127.718231	-0.601437	0.999820	-0.000978	0.003952	-0.018551	1.000000	0.000000	0.000000	4	0	4084.876953	20.390734	img__0_1546452921550035200.png
1546452921671	-53.336479	127.666443	-0.608072	0.999827	-0.000906	0.000284	-0.018557	1.000000	0.000000	0.000000	4	0	4009.047852	20.545368	img__0_1546452921668707800.png
1546452921794	-51.964375	127.614662	-0.606788	0.999827	-0.000766	0.001135	-0.018539	1.000000	0.000000	0.000000	4	0	3949.553467	20.687574	img__0_1546452921790573800.png
1546452921914	-50.583672	127.564507	-0.606695	0.999838	-0.000817	0.001387	-0.017925	1.000000	0.000000	0.000000	4	0	3901.572021	20.822083	img__0_1546452921911553600.png
1546452922035	-49.194229	127.515182	-0.606681	0.999851	-0.000740	0.001402	-0.017168	1.000000	0.000000	0.000000	4	0	3859.430908	20.954103	img__0_1546452922033345400.png
1546452922152	-47.795765	127.466248	-0.606375	0.999858	-0.000674	0.001593	-0.016772	0.000000	0.000000	0.000000	4	0	3709.635986	21.081747	img__0_1546452922150224700.png
1546452922271	-46.389263	127.417931	-0.606377	0.999861	-0.000558	0.001530	-0.016587	0.000000	0.000000	0.000000	4	0	3174.734375	21.190884	img__0_1546452922268586300.png
1546452922388	-44.975960	127.370338	-0.606853	0.999862	-0.000638	0.001657	-0.016524	0.000000	0.000000	0.000000	4	0	2684.555908	21.250212	img__0_1546452922387156700.png
1546452922506	-43.559814	127.324997	-0.607366	0.999873	-0.001140	0.001623	-0.015805	0.000000	0.500000	0.000000	4	0	2336.191650	21.253342	img__0_1546452922504245300.png
1546452922624	-42.145164	127.292641	-0.608347	0.999943	-0.002580	0.000640	-0.010380	0.000000	0.000000	0.000000	4	0	2093.672607	21.216784	img__0_1546452922622142400.png
1546452922746	-40.732563	127.266571	-0.607247	0.999983	-0.003078	0.000130	-0.004873	0.000000	0.000000	0.000000	4	0	1924.165283	21.157862	img__0_1546452922743067700.png
1546452922865	-39.325161	127.244881	-0.600424	0.999993	-0.002912	-0.001188	-0.001900	0.000000	0.000000	0.000000	0	0	1838.686401	21.076044	img__0_1546452922863047800.png
1546452922980	-37.920742	127.230194	-0.600419	0.999994	-0.002717	-0.001860	-0.000456	0.000000	0.000000	0.000000	0	0	1796.523560	21.061420	img__0_1546452922978949400.png
1546452923086	-36.514774	127.220726	-0.594972	0.999996	-0.002594	-0.000315	0.000785	0.000000	0.000000	1.000000	0	0	1755.327515	20.984543	img__0_1546452923084104400.png
1546452923196	-35.119534	127.216461	-0.594795	0.999995	-0.002514	-0.000466	0.001564	0.000000	0.000000	1.000000	3	0	1604.498291	20.701508	img__0_1546452923193375900.png
1546452923302	-33.747349	127.215874	-0.594687	0.999994	-0.002357	-0.001299	0.001981	0.000000	0.000000	1.000000	3	0	1437.268188	20.265467	img__0_1546452923300476300.png
1546452923414	-32.405083	127.217705	-0.594562	0.999993	-0.002106	-0.002129	0.002239	0.000000	0.000000	1.000000	3	0	1306.774414	19.802511	img__0_1546452923412742000.png
1546452923526	-31.093637	127.221191	-0.594458	0.999992	-0.001804	-0.002792	0.002401	0.000000	0.000000	1.000000	3	0	1203.236084	19.330265	img__0_1546452923522499700.png
1546452923634	-29.813604	127.225777	-0.594373	0.999990	-0.001491	-0.003318	0.002499	0.000000	0.000000	1.000000	3	0	1120.378540	18.851753	img__0_1546452923631536100.png
1546452923743	-28.565405	127.231041	-0.594304	0.999989	-0.001192	-0.003734	0.002554	0.000000	0.000000	1.000000	3	0	1053.396973	18.368893	img__0_1546452923740280000.png
1546452923851	-27.349325	127.236687	-0.594248	0.999988	-0.000925	-0.004062	0.002580	0.000000	0.000000	1.000000	3	0	998.583313	17.883135	img__0_1546452923849455500.png
1546452923961	-26.165567	127.242500	-0.594203	0.999987	-0.000695	-0.004321	0.002587	0.000000	0.000000	1.000000	3	0	953.068604	17.395605	img__0_1546452923958682700.png
1546452924067	-25.014252	127.248337	-0.594167	0.999986	-0.000506	-0.004523	0.002580	0.000000	0.000000	0.000000	3	0	1019.652466	16.976038	img__0_1546452924064932700.png
1546452924178	-23.882030	127.254166	-0.601339	0.999996	-0.000366	-0.000600	0.002569	0.000000	0.000000	0.000000	3	0	1124.844482	16.785851	img__0_1546452924175355000.png
1546452924285	-22.767746	127.259926	-0.600049	0.999996	-0.000246	-0.001027	0.002559	0.000000	0.000000	0.000000	3	0	1232.096680	16.581560	img__0_1546452924283093800.png
1546452924398	-21.670231	127.265594	-0.606881	0.999987	-0.000148	-0.004398	0.002550	0.000000	0.000000	0.000000	3	0	1304.397461	16.404219	img__0_1546452924395640300.png
1546452924502	-20.578228	127.271225	-0.605591	0.999992	-0.000087	-0.003190	0.002539	1.000000	0.000000	0.000000	3	0	1477.459717	16.241058	img__0_1546452924499987600.png
1546452924617	-19.497623	127.276764	-0.605503	0.999993	-0.000042	-0.002657	0.002531	1.000000	-0.500000	0.000000	0	0	1728.138428	16.106981	img__0_1546452924613718600.png
1546452924728	-18.422298	127.275192	-0.605588	0.999998	0.000493	-0.001915	-0.000289	1.000000	-0.500000	0.000000	0	0	1688.510498	16.097494	img__0_1546452924723896800.png
1546452924835	-17.349060	127.256020	-0.605620	0.999958	0.001825	-0.001526	-0.008896	1.000000	0.000000	0.000000	0	0	1649.791260	16.076294	img__0_1546452924832578000.png
1546452924945	-16.277391	127.227242	-0.605654	0.999854	0.002665	-0.001198	-0.016822	1.000000	-0.500000	0.000000	2	0	1848.386230	15.969823	img__0_1546452924942536300.png
1546452925055	-15.216869	127.188858	-0.605543	0.999735	0.003398	-0.001465	-0.022729	1.000000	-0.500000	0.000000	2	0	2282.111572	15.808575	img__0_1546452925052690600.png
1546452925160	-14.167180	127.128281	-0.605513	0.999464	0.004742	-0.001541	-0.032352	1.000000	-0.500000	0.000000	2	0	2653.730957	15.687005	img__0_1546452925158164800.png
1546452925267	-13.127281	127.037468	-0.605524	0.998839	0.006655	-0.001602	-0.047690	1.000000	-0.500000	0.000000	2	0	2974.610352	15.596745	img__0_1546452925264404600.png
1546452925382	-12.095958	126.912048	-0.606336	0.997674	0.008677	-0.001292	-0.067601	1.000000	-0.500000	0.000000	2	0	3253.916504	15.540628	img__0_1546452925379578400.png
1546452925500	-11.073857	126.749840	-0.606083	0.995930	0.010664	-0.001603	-0.089479	1.000000	-0.500000	0.000000	2	0	3497.322021	15.510038	img__0_1546452925497730000.png
1546452925625	-10.061347	126.546913	-0.605941	0.993563	0.012756	-0.002384	-0.112538	1.000000	-0.500000	0.000000	2	0	3712.603760	15.496689	img__0_1546452925620869400.png
1546452925732	-9.058114	126.301628	-0.606187	0.990551	0.014521	-0.002636	-0.136348	1.000000	-0.500000	0.000000	2	0	3906.551758	15.498047	img__0_1546452925728867000.png
1546452925848	-8.066218	126.011559	-0.605496	0.986950	0.016482	-0.002697	-0.160161	1.000000	-0.500000	0.000000	2	0	4082.908936	15.510587	img__0_1546452925846405200.png
1546452925977	-7.088232	125.676651	-0.605704	0.982816	0.018094	-0.003298	-0.183670	1.000000	-0.500000	0.000000	2	0	4244.355957	15.532939	img__0_1546452925972057900.png
1546452926101	-6.123818	125.295059	-0.608629	0.977994	0.019595	-0.002477	-0.207696	1.000000	-0.500000	0.000000	2	0	4396.893555	15.561019	img__0_1546452926098200400.png
1546452926219	-5.177177	124.871620	-0.608307	0.972905	0.020300	-0.003287	-0.230289	1.000000	-0.500000	0.000000	2	0	4535.162598	15.598204	img__0_1546452926217459600.png
1546452926347	-4.250057	124.403008	-0.609783	0.967252	0.020372	-0.004581	-0.252956	1.000000	-0.500000	0.000000	2	0	4663.466797	15.644825	img__0_1546452926344997800.png
1546452926478	-3.342907	123.888687	-0.610736	0.960903	0.021035	-0.005394	-0.276033	1.000000	-0.500000	0.000000	2	0	4784.890137	15.695326	img__0_1546452926472803900.png
1546452926608	-2.457543	123.331215	-0.610440	0.954039	0.021367	-0.006155	-0.298858	1.000000	-0.500000	0.000000	2	0	4899.286133	15.750912	img__0_1546452926604910400.png
1546452926727	-1.596597	122.730034	-0.610079	0.946627	0.021645	-0.006869	-0.321531	1.000000	-0.500000	0.000000	0	0	4972.899414	15.734262	img__0_1546452926724340700.png
1546452926848	-0.767584	122.090828	-0.609910	0.938599	0.021801	-0.007665	-0.344235	1.000000	-0.500000	0.000000	0	0	4858.865723	15.666754	img__0_1546452926845840300.png
1546452926980	0.028199	121.417877	-0.608764	0.930238	0.021176	-0.008184	-0.366254	1.000000	-0.500000	0.000000	3	0	4379.666992	15.593973	img__0_1546452926977039300.png
1546452927111	0.787149	120.707939	-0.607188	0.921357	0.021091	-0.009553	-0.388027	1.000000	-0.500000	0.000000	3	0	4391.912598	15.687950	img__0_1546452927107701600.png
1546452927235	1.518042	119.957535	-0.606708	0.911504	0.020999	-0.009238	-0.410650	1.000000	-0.500000	0.000000	3	0	4411.912109	15.775766	img__0_1546452927232211700.png
1546452927369	2.215546	119.168037	-0.605533	0.901153	0.021272	-0.009020	-0.432886	1.000000	-0.500000	0.000000	3	0	4432.078613	15.863191	img__0_1546452927365804900.png
1546452927507	2.876379	118.341118	-0.606680	0.890517	0.021673	-0.009498	-0.454334	1.000000	-0.500000	0.000000	3	0	4454.005371	15.948126	img__0_1546452927502634100.png
1546452927646	3.502481	117.480904	-0.607019	0.879775	0.021305	-0.009848	-0.474811	1.000000	-0.500000	0.000000	3	0	4474.382324	16.035137	img__0_1546452927643401100.png
1546452927795	4.088923	116.585487	-0.608934	0.868372	0.021634	-0.009893	-0.495343	1.000000	-0.500000	0.000000	3	0	4489.942871	16.117249	img__0_1546452927792371200.png
1546452927935	4.639377	115.654243	-0.621995	0.856136	0.022587	-0.005114	-0.516231	1.000000	-0.500000	0.000000	3	0	4545.747559	16.186041	img__0_1546452927932982200.png
1546452928079	5.149715	114.704956	-0.621090	0.845739	0.020851	-0.006676	-0.533148	1.000000	-0.500000	0.000000	3	0	4564.111816	16.266338	img__0_1546452928075025000.png
1546452928228	5.390684	114.220337	-0.629219	0.840129	0.018525	-0.006058	-0.542037	1.000000	-0.500000	0.000000	3	0	4586.236328	16.302031	img__0_1546452928224235100.png
