TimeStamp	POS_X	POS_Y	POS_Z	Q_W	Q_X	Q_Y	Q_Z	Throttle	Steering	Brake	Gear	Handbrake	RPM	Speed	ImageFile
1545799450596	-4.173962	121.413719	-0.623457	0.407436	-0.009005	-0.011096	0.913122	1.000000	0.500000	0.000000	2	0	4282.336426	0.003578	img__0_1545799450586367400.png
1545799450665	-4.178432	121.416107	-0.623857	0.406672	-0.009490	-0.010366	0.913466	1.000000	0.500000	0.000000	2	0	4284.049316	0.223816	img__0_1545799450658095300.png
1545799450735	-4.196684	121.428047	-0.624524	0.404519	-0.010798	-0.009805	0.914413	1.000000	0.500000	0.000000	2	0	4286.965332	0.450561	img__0_1545799450729281300.png
1545799450807	-4.227405	121.448921	-0.624938	0.401098	-0.011931	-0.009477	0.915908	1.000000	0.500000	0.000000	2	0	4291.576172	0.684071	img__0_1545799450800032800.png
1545799450882	-4.270790	121.478607	-0.625254	0.396492	-0.012837	-0.009328	0.917901	1.000000	0.500000	0.000000	2	0	4297.743652	0.916680	img__0_1545799450874973300.png
1545799450956	-4.326892	121.516891	-0.625487	0.390779	-0.013528	-0.009301	0.920338	1.000000	0.500000	0.000000	2	0	4305.338867	1.147871	img__0_1545799450947223200.png
1545799451024	-4.395875	121.563416	-0.625652	0.384008	-0.014035	-0.009359	0.923176	1.000000	0.000000	0.000000	2	0	4317.883789	1.387412	img__0_1545799451017003600.png
1545799451095	-4.472587	121.624550	-0.625774	0.379608	-0.014298	-0.009041	0.924993	1.000000	0.000000	0.000000	2	0	4335.591309	1.207263	img__0_1545799451088635400.png
1545799451166	-4.533663	121.677612	-0.629375	0.375754	-0.012379	-0.010999	0.926572	1.000000	0.000000	0.000000	2	0	4353.858887	1.412895	img__0_1545799451159380000.png
1545799451233	-4.604542	121.744781	-0.632278	0.375697	-0.012351	-0.013015	0.926569	1.000000	0.000000	0.000000	2	0	4362.493652	1.641454	img__0_1545799451231200200.png
1545799451309	-4.685796	121.822830	-0.635431	0.375724	-0.012500	-0.015683	0.926515	1.000000	0.000000	0.000000	2	0	4372.458496	1.865520	img__0_1545799451304718900.png
1545799451388	-4.827011	121.959717	-0.639325	0.375771	-0.012777	-0.019605	0.926417	1.000000	0.000000	0.000000	2	0	4389.965820	2.218266	img__0_1545799451380653600.png
1545799451490	-4.934607	122.064430	-0.641334	0.375808	-0.013055	-0.021757	0.926350	1.000000	0.000000	0.000000	2	0	4403.376465	2.437681	img__0_1545799451484443800.png
1545799451573	-5.052850	122.179550	-0.642953	0.375838	-0.013394	-0.023502	0.926291	1.000000	0.000000	0.000000	2	0	4418.116699	2.656264	img__0_1545799451566050700.png
1545799451650	-5.177951	122.304359	-0.633729	0.375130	-0.008330	-0.022086	0.926672	1.000000	0.000000	0.000000	2	0	4335.973145	2.980144	img__0_1545799451647634600.png
1545799451726	-5.321223	122.441689	-0.625197	0.375109	-0.002817	-0.018995	0.926782	1.000000	0.000000	0.000000	2	0	4225.902344	3.304831	img__0_1545799451720379600.png
1545799451804	-5.481617	122.594559	-0.622928	0.375001	-0.000352	-0.017161	0.926866	1.000000	0.000000	0.000000	2	0	4226.143555	3.530002	img__0_1545799451799254900.png
1545799451878	-5.653170	122.757744	-0.621673	0.374826	0.001057	-0.016792	0.926943	1.000000	0.000000	0.000000	2	0	4251.633301	3.740005	img__0_1545799451874388400.png
1545799451949	-5.836075	122.930885	-0.621927	0.374113	0.001339	-0.016824	0.927230	1.000000	0.500000	0.000000	2	0	4280.774414	3.939071	img__0_1545799451946613500.png
1545799452028	-6.034719	123.106499	-0.622376	0.369822	0.001234	-0.017513	0.928937	1.000000	0.500000	0.000000	2	0	4313.649902	4.122109	img__0_1545799452024677500.png
1545799452106	-6.250986	123.280281	-0.622788	0.360923	0.001002	-0.018663	0.932408	1.000000	0.500000	0.000000	2	0	4348.769043	4.291519	img__0_1545799452099145000.png
1545799452196	-6.485507	123.449776	-0.623108	0.347628	0.000803	-0.019989	0.937419	1.000000	0.500000	0.000000	2	0	4380.374023	4.479908	img__0_1545799452188765000.png
1545799452264	-6.736796	123.617851	-0.623360	0.332405	0.000735	-0.021060	0.942901	1.000000	0.500000	0.000000	2	0	4411.237793	4.677453	img__0_1545799452261127500.png
1545799452333	-7.004458	123.784569	-0.623873	0.316331	0.000887	-0.022033	0.948392	1.000000	0.500000	0.000000	2	0	4442.723145	4.799401	img__0_1545799452331122600.png
1545799452415	-7.287818	123.945068	-0.621465	0.299938	0.000188	-0.021399	0.953719	1.000000	0.500000	0.000000	2	0	4466.756836	5.010024	img__0_1545799452409684900.png
1545799452497	-7.590474	124.103874	-0.629491	0.282451	-0.001100	-0.020847	0.959055	1.000000	0.500000	0.000000	2	0	4464.862305	5.276952	img__0_1545799452491977300.png
1545799452594	-8.078580	124.335152	-0.620104	0.254668	-0.002517	-0.016613	0.966882	1.000000	0.500000	0.000000	2	0	4375.333984	5.620637	img__0_1545799452580429300.png
1545799452684	-8.429604	124.480202	-0.616705	0.235408	-0.002216	-0.014112	0.971792	1.000000	0.500000	0.000000	2	0	4315.539551	5.937309	img__0_1545799452680557200.png
1545799452769	-8.810308	124.621460	-0.614343	0.216652	-0.002791	-0.011939	0.976172	1.000000	0.500000	0.000000	2	0	4270.328125	6.043852	img__0_1545799452763147400.png
1545799452840	-9.205168	124.751755	-0.612522	0.196440	-0.003117	-0.010283	0.980457	1.000000	0.500000	0.000000	2	0	4233.430176	6.551130	img__0_1545799452837933000.png
1545799452927	-9.622993	124.872612	-0.610786	0.175997	-0.002149	-0.009463	0.984343	1.000000	0.500000	0.000000	2	0	4189.654785	6.792443	img__0_1545799452920702500.png
1545799453004	-10.065736	124.982948	-0.609743	0.155679	-0.002404	-0.008864	0.987765	1.000000	0.500000	0.000000	2	0	4165.372070	7.065851	img__0_1545799452999969000.png
1545799453092	-10.526771	125.078720	-0.608835	0.134333	-0.002170	-0.008656	0.990896	1.000000	0.500000	0.000000	2	0	4142.535156	7.312503	img__0_1545799453083937600.png
1545799453174	-11.007440	125.163300	-0.608208	0.113783	-0.002188	-0.008305	0.993468	1.000000	0.000000	0.000000	2	0	4139.752930	7.570500	img__0_1545799453169317600.png
1545799453259	-11.502194	125.260147	-0.607731	0.105731	-0.002085	-0.006465	0.994372	1.000000	0.000000	0.000000	2	0	4138.449219	7.804884	img__0_1545799453255698300.png
1545799453344	-12.010870	125.366905	-0.607388	0.103557	-0.001994	-0.004393	0.994612	1.000000	0.000000	0.000000	2	0	4130.191895	8.036501	img__0_1545799453340571600.png
1545799453426	-12.535465	125.477173	-0.607150	0.104168	-0.002023	-0.002916	0.994553	1.000000	0.000000	0.000000	2	0	4126.221191	8.267208	img__0_1545799453423273500.png
1545799453503	-13.075244	125.590492	-0.606961	0.103528	-0.002024	-0.001840	0.994623	1.000000	0.000000	0.000000	2	0	4125.516602	8.515450	img__0_1545799453499448500.png
1545799453580	-13.628934	125.706833	-0.606747	0.103737	-0.001791	-0.001139	0.994602	1.000000	0.000000	0.000000	2	0	4127.890137	8.725935	img__0_1545799453578911000.png
1545799453657	-14.198410	125.826508	-0.606664	0.103500	-0.001904	-0.000625	0.994627	1.000000	0.000000	0.000000	2	0	4137.198730	8.961422	img__0_1545799453655703900.png
1545799453744	-14.781713	125.947128	-0.606530	0.102846	-0.001757	-0.000479	0.994696	1.000000	0.500000	0.000000	2	0	4153.713379	9.154632	img__0_1545799453739765800.png
1545799453828	-15.381868	126.055885	-0.606472	0.096148	-0.001894	-0.001272	0.995364	1.000000	0.500000	0.000000	2	0	4180.038086	9.350807	img__0_1545799453821342700.png
1545799453913	-15.997255	126.144516	-0.606372	0.082914	-0.001851	-0.002891	0.996551	1.000000	0.000000	0.000000	2	0	4203.894531	9.542251	img__0_1545799453909637600.png
1545799453980	-16.627745	126.227715	-0.606352	0.071738	-0.001973	-0.003573	0.997415	1.000000	0.000000	0.000000	2	0	4231.729980	9.752668	img__0_1545799453978960900.png
1545799454075	-17.270882	126.316147	-0.606310	0.067848	-0.001902	-0.003237	0.997688	1.000000	0.500000	0.000000	2	0	4255.715332	9.949789	img__0_1545799454064724500.png
1545799454146	-17.929106	126.390869	-0.606283	0.060801	-0.001889	-0.003662	0.998141	1.000000	0.500000	0.000000	2	0	4289.469727	10.130249	img__0_1545799454143988400.png
1545799454232	-18.601208	126.443886	-0.606243	0.047755	-0.001815	-0.004816	0.998846	1.000000	0.500000	0.000000	2	0	4330.227539	10.288349	img__0_1545799454230143000.png
1545799454326	-19.285967	126.468872	-0.606219	0.028803	-0.001735	-0.006492	0.999562	1.000000	0.000000	0.000000	2	0	4363.336914	10.479375	img__0_1545799454321213200.png
1545799454414	-19.984253	126.481339	-0.606216	0.013383	-0.001713	-0.007105	0.999884	1.000000	0.000000	0.000000	2	0	4398.958496	10.675244	img__0_1545799454410804500.png
1545799454503	-19.984253	126.481339	-0.606216	0.013383	-0.001713	-0.007105	0.999884	1.000000	0.000000	0.000000	2	0	4398.958496	10.675244	img__0_1545799454500307200.png
