TimeStamp	POS_X	POS_Y	POS_Z	Q_W	Q_X	Q_Y	Q_Z	Throttle	Steering	Brake	Gear	Handbrake	RPM	Speed	ImageFile
1546453067568	-0.707752	-118.169571	-0.595267	0.552098	0.006484	-0.011419	-0.833676	1.000000	-0.500000	0.000000	1	0	4536.548340	10.206755	img__0_1546453067564784800.png
1546453067637	-0.991871	-118.745934	-0.595370	0.534758	0.006736	-0.011657	-0.844898	1.000000	-0.500000	0.000000	1	0	4758.443848	10.207870	img__0_1546453067632314300.png
1546453067718	-1.430133	-119.534843	-0.595322	0.509898	0.006372	-0.012185	-0.860125	1.000000	-0.500000	0.000000	0	0	4926.149414	10.280031	img__0_1546453067701766700.png
1546453067803	-1.758946	-120.065308	-0.598175	0.492490	0.007160	-0.011115	-0.870218	1.000000	-0.500000	0.000000	0	0	4832.862305	10.251584	img__0_1546453067800131500.png
1546453067870	-2.105428	-120.579330	-0.598103	0.475664	0.006362	-0.010610	-0.879540	1.000000	-0.500000	0.000000	0	0	4731.658203	10.225007	img__0_1546453067867979000.png
1546453067950	-2.473757	-121.078491	-0.600817	0.458644	0.007450	-0.010898	-0.888522	1.000000	-0.500000	0.000000	2	0	4374.836914	10.284873	img__0_1546453067946384400.png
1546453068018	-2.864859	-121.568886	-0.601710	0.441177	0.008242	-0.010760	-0.897318	1.000000	-0.500000	0.000000	2	0	4400.011719	10.476455	img__0_1546453068015233800.png
1546453068087	-3.292483	-122.053764	-0.627576	0.422938	0.018441	-0.014368	-0.905857	1.000000	-0.500000	0.000000	2	0	4460.742676	10.584115	img__0_1546453068083839400.png
1546453068157	-3.731019	-122.528603	-0.627531	0.404035	0.020459	-0.017003	-0.914356	1.000000	-0.500000	0.000000	2	0	4498.776367	10.742436	img__0_1546453068153433300.png
1546453068224	-4.194389	-122.989265	-0.630184	0.385248	0.020568	-0.020587	-0.922354	1.000000	-0.500000	0.000000	2	0	4528.879883	10.891250	img__0_1546453068221892500.png
1546453068294	-4.662896	-123.416451	-0.653800	0.361158	0.010144	-0.032858	-0.931870	1.000000	-0.500000	0.000000	2	0	4547.571289	10.705368	img__0_1546453068291609100.png
1546453068372	-5.161026	-123.843491	-0.650447	0.336058	0.015194	-0.038536	-0.940930	1.000000	-0.500000	0.000000	2	0	4602.687012	10.828235	img__0_1546453068369621400.png
1546453068439	-5.682083	-124.248131	-0.650497	0.315027	0.015944	-0.042745	-0.947985	1.000000	-0.500000	0.000000	2	0	4654.996582	10.953794	img__0_1546453068436906100.png
1546453068512	-6.227501	-124.631630	-0.649393	0.295989	0.015236	-0.045686	-0.953977	1.000000	-0.500000	0.000000	2	0	4736.547852	11.055081	img__0_1546453068510037200.png
1546453068587	-6.789758	-124.996246	-0.646195	0.278606	0.012815	-0.046547	-0.959191	1.000000	-0.500000	0.000000	2	0	4907.779297	11.078761	img__0_1546453068584578500.png
1546453068662	-7.365846	-125.340843	-0.641360	0.262879	0.009509	-0.045566	-0.963705	1.000000	-0.500000	0.000000	2	0	5045.184082	11.138558	img__0_1546453068658156400.png
1546453068737	-7.964651	-125.664009	-0.639217	0.246650	0.007971	-0.043910	-0.968077	1.000000	-0.500000	0.000000	2	0	5076.621094	11.301649	img__0_1546453068735054900.png
1546453068812	-8.595607	-125.988327	-0.609269	0.228818	0.018075	-0.030959	-0.972809	1.000000	-0.500000	0.000000	2	0	5123.121582	11.435126	img__0_1546453068810531500.png
1546453068888	-9.227782	-126.277260	-0.612876	0.210608	0.010506	-0.023158	-0.977240	1.000000	-0.500000	0.000000	2	0	5133.507813	11.605336	img__0_1546453068886929200.png
1546453068966	-9.888484	-126.542076	-0.611377	0.191650	0.007953	-0.018845	-0.981250	1.000000	-0.500000	0.000000	0	0	5212.718750	11.666026	img__0_1546453068964124300.png
1546453069045	-10.561305	-126.780457	-0.610102	0.172677	0.006038	-0.016663	-0.984819	1.000000	-0.500000	0.000000	0	0	5102.343750	11.642094	img__0_1546453069043162000.png
1546453069123	-11.242386	-126.993256	-0.609124	0.153698	0.004740	-0.015498	-0.987985	1.000000	-0.500000	0.000000	3	0	4626.033691	11.617323	img__0_1546453069121421800.png
1546453069203	-11.933517	-127.181129	-0.608454	0.134563	0.004081	-0.014870	-0.990785	1.000000	-0.500000	0.000000	3	0	4542.431152	11.813521	img__0_1546453069201205700.png
1546453069283	-12.643787	-127.346085	-0.607973	0.115545	0.003715	-0.014585	-0.993188	1.000000	-0.500000	0.000000	3	0	4469.263672	12.002522	img__0_1546453069280995700.png
1546453069365	-13.371660	-127.487694	-0.607605	0.096729	0.003411	-0.014471	-0.995200	1.000000	-0.500000	0.000000	3	0	4404.041016	12.185112	img__0_1546453069363402800.png
1546453069449	-14.116033	-127.605118	-0.607320	0.078092	0.003124	-0.014459	-0.996836	1.000000	-0.500000	0.000000	3	0	4346.469727	12.361041	img__0_1546453069447663400.png
1546453069533	-14.875747	-127.697136	-0.607098	0.059460	0.002838	-0.014534	-0.998121	1.000000	-0.500000	0.000000	3	0	4296.141113	12.530729	img__0_1546453069531261500.png
1546453069617	-15.649667	-127.762566	-0.606924	0.040701	0.002547	-0.014678	-0.999060	1.000000	-0.500000	0.000000	3	0	4252.416992	12.694918	img__0_1546453069615093000.png
1546453069702	-16.436995	-127.803223	-0.606794	0.022960	0.002317	-0.014638	-0.999626	1.000000	0.000000	0.000000	3	0	4203.653320	12.880513	img__0_1546453069700098200.png
1546453069789	-17.237707	-127.833160	-0.606683	0.012106	0.002181	-0.013563	-0.999832	1.000000	0.000000	0.000000	3	0	4160.556641	13.063068	img__0_1546453069786991900.png
1546453069890	-18.051268	-127.858864	-0.606601	0.008696	0.002129	-0.011745	-0.999891	1.000000	0.500000	0.000000	3	0	4123.019531	13.241282	img__0_1546453069884436100.png
1546453069969	-18.876879	-127.888390	-0.606526	0.011894	0.002106	-0.009207	-0.999885	1.000000	0.500000	0.000000	3	0	4095.667969	13.407303	img__0_1546453069967144700.png
1546453070056	-19.713373	-127.931862	-0.606460	0.021312	0.002061	-0.005960	-0.999753	1.000000	0.500000	0.000000	3	0	4079.893555	13.553931	img__0_1546453070054697200.png
1546453070143	-20.559195	-127.994568	-0.606433	0.034789	0.002030	-0.002504	-0.999389	1.000000	0.000000	0.000000	3	0	4056.865723	13.722774	img__0_1546453070139835800.png
1546453070228	-21.416180	-128.063156	-0.606411	0.043586	0.001969	-0.000270	-0.999048	1.000000	0.000000	0.000000	3	0	4039.226074	13.887094	img__0_1546453070226051700.png
1546453070313	-22.284327	-128.135910	-0.606386	0.047030	0.001908	0.001081	-0.998891	1.000000	0.000000	0.000000	3	0	4022.836914	14.052618	img__0_1546453070312038200.png
1546453070398	-23.157450	-128.213745	-0.599236	0.048164	-0.001860	0.001699	-0.998836	1.000000	0.000000	0.000000	3	0	4043.122803	14.196074	img__0_1546453070396860100.png
1546453070483	-24.047131	-128.296295	-0.600759	0.048471	-0.000829	0.002066	-0.998822	1.000000	0.000000	0.000000	3	0	4047.133057	14.347513	img__0_1546453070481323300.png
1546453070567	-24.946676	-128.379944	-0.600903	0.047796	-0.000607	0.001908	-0.998855	1.000000	-0.500000	0.000000	3	0	4041.966309	14.498056	img__0_1546453070565288200.png
1546453070651	-25.859921	-128.455475	-0.595295	0.043229	0.001467	0.001030	-0.999063	1.000000	-0.500000	0.000000	3	0	4046.594238	14.642475	img__0_1546453070649113600.png
1546453070735	-26.782114	-128.517990	-0.595450	0.034837	0.001818	-0.000394	-0.999391	1.000000	0.000000	0.000000	3	0	4046.751465	14.796147	img__0_1546453070733014300.png
1546453070819	-27.714714	-128.580978	-0.595590	0.030602	0.001878	-0.001037	-0.999529	1.000000	0.000000	0.000000	3	0	4047.134521	14.949272	img__0_1546453070817118200.png
1546453070915	-28.658251	-128.641418	-0.595689	0.028926	0.001888	-0.001451	-0.999579	1.000000	0.000000	0.000000	3	0	4049.798828	15.101455	img__0_1546453070911296800.png
1546453071006	-29.613081	-128.699448	-0.595760	0.028312	0.001881	-0.001656	-0.999596	1.000000	0.000000	0.000000	3	0	4055.100342	15.252138	img__0_1546453071002820200.png
1546453071099	-30.578680	-128.756119	-0.595813	0.028118	0.001865	-0.001650	-0.999601	1.000000	0.000000	0.000000	3	0	4062.773682	15.401287	img__0_1546453071095305300.png
1546453071196	-31.555220	-128.812286	-0.595853	0.028078	0.001846	-0.001492	-0.999603	1.000000	0.000000	0.000000	3	0	4072.594238	15.548977	img__0_1546453071190061500.png
1546453071276	-31.555220	-128.812286	-0.595853	0.028078	0.001846	-0.001492	-0.999603	1.000000	0.000000	0.000000	3	0	4072.594238	15.548977	img__0_1546453071273237400.png
