TimeStamp	POS_X	POS_Y	POS_Z	Q_W	Q_X	Q_Y	Q_Z	Throttle	Steering	Brake	Gear	Handbrake	RPM	Speed	ImageFile
1545632010537	0.166905	-15.599048	-0.606124	0.708314	-0.000911	0.000942	0.705896	1.000000	0.000000	0.000000	4	0	3844.268555	23.204336	img__0_1545632010530543900.png
1545632010732	0.172165	-14.050198	-0.606514	0.708324	-0.001109	0.001002	0.705886	1.000000	0.000000	0.000000	4	0	3855.822266	23.304983	img__0_1545632010728794200.png
1545632010936	0.177055	-12.494668	-0.607348	0.708324	-0.001614	0.000785	0.705885	1.000000	0.000000	0.000000	4	0	3869.492676	23.404091	img__0_1545632010930310800.png
1545632011127	0.182409	-10.934716	-0.607176	0.708269	-0.000857	-0.000444	0.705942	1.000000	0.000000	0.000000	4	0	3882.958496	23.504591	img__0_1545632011122865200.png
1545632011330	0.187948	-9.365715	-0.607284	0.708244	-0.001186	-0.000276	0.705967	1.000000	0.000000	0.000000	4	0	3896.217285	23.603384	img__0_1545632011316715600.png
1545632011517	0.194223	-7.789907	-0.606085	0.708240	-0.001044	0.000552	0.705971	1.000000	0.000000	0.000000	4	0	3907.429932	23.704765	img__0_1545632011514469600.png
1545632011714	0.199690	-6.207439	-0.607845	0.708245	-0.001238	0.001298	0.705964	1.000000	0.000000	0.000000	4	0	3930.787109	23.798378	img__0_1545632011711852700.png
1545632011906	0.204552	-4.621378	-0.609978	0.708255	-0.000141	0.000195	0.705957	1.000000	0.000000	0.000000	4	0	3943.300293	23.898876	img__0_1545632011899791500.png
1545632012093	0.209722	-3.026206	-0.607883	0.708267	-0.000206	0.000452	0.705945	1.000000	0.000000	0.000000	4	0	3954.280762	23.998735	img__0_1545632012090394700.png
1545632012283	0.214645	-1.423303	-0.605741	0.708266	-0.001045	0.001051	0.705944	1.000000	0.000000	0.000000	4	0	3966.845215	24.097651	img__0_1545632012280067400.png
1545632012478	0.219941	0.184666	-0.606005	0.708263	-0.000913	0.000979	0.705948	1.000000	0.000000	0.000000	4	0	3978.974854	24.196728	img__0_1545632012475763200.png
1545632012673	0.225060	1.800419	-0.607584	0.708259	-0.001512	0.001432	0.705950	1.000000	0.000000	0.000000	4	0	3991.732910	24.294006	img__0_1545632012669575500.png
1545632012858	0.230253	3.421700	-0.608163	0.708244	-0.001634	0.001368	0.705964	1.000000	0.000000	0.000000	4	0	4004.603027	24.391863	img__0_1545632012855339300.png
1545632013050	0.235462	5.046385	-0.607477	0.708223	-0.000182	-0.000294	0.705989	1.000000	0.000000	0.000000	4	0	4018.810547	24.490168	img__0_1545632013046936300.png
1545632013229	0.240940	6.680894	-0.608259	0.708213	-0.000284	-0.000064	0.705998	1.000000	0.000000	0.000000	4	0	4032.261230	24.586596	img__0_1545632013226017900.png
1545632013415	0.246405	8.322699	-0.606029	0.708207	-0.000749	0.000665	0.706004	0.000000	0.000000	0.000000	4	0	3702.625732	24.681221	img__0_1545632013411698900.png
1545632013593	0.251607	9.969481	-0.605978	0.708203	-0.000810	0.000822	0.706008	0.000000	0.000000	0.000000	0	0	3617.722168	24.703728	img__0_1545632013588019500.png
1545632013773	0.256720	11.615581	-0.605924	0.708200	-0.000604	0.000648	0.706012	0.000000	0.000000	0.000000	0	0	3534.763916	24.677990	img__0_1545632013765806800.png
1545632013943	0.261802	13.260038	-0.605884	0.708198	-0.000446	0.000500	0.706013	-1.000000	0.000000	0.000000	-1	0	3207.595215	24.652279	img__0_1545632013940892500.png
1545632014127	0.266846	14.894001	-0.605594	0.708199	0.000327	-0.000273	0.706012	-1.000000	0.000000	0.000000	-1	0	2886.079590	24.156799	img__0_1545632014122306800.png
1545632014315	0.271793	16.494755	-0.605307	0.708209	0.001086	-0.001036	0.706002	-1.000000	0.000000	0.000000	-1	0	2835.297363	23.660723	img__0_1545632014311898400.png
1545632014483	0.276649	18.062702	-0.605244	0.708221	0.001623	-0.001625	0.705987	-1.000000	0.000000	0.000000	-1	0	2843.623535	23.153112	img__0_1545632014480067200.png
1545632014665	0.280845	19.598253	-0.606032	0.708176	0.001452	-0.002198	0.706031	-1.000000	0.000000	0.000000	-1	0	2865.760254	22.671761	img__0_1545632014662476400.png
1545632014853	0.285446	21.101213	-0.605928	0.708631	0.002458	-0.003687	0.705565	-1.000000	0.000000	0.000000	-1	0	2906.466797	22.224253	img__0_1545632014848027300.png
1545632015030	0.291725	22.574585	-0.605840	0.710201	0.002521	-0.003837	0.703984	-1.000000	0.000000	0.000000	-1	0	2919.803711	21.730145	img__0_1545632015018366100.png
1545632015198	0.301636	24.017504	-0.604611	0.711548	0.002915	-0.002935	0.702626	-1.000000	0.000000	0.000000	-1	0	2957.081543	21.277266	img__0_1545632015195882500.png
1545632015380	0.315648	25.428768	-0.605635	0.713432	0.003608	-0.001966	0.700713	-1.000000	0.000000	0.000000	-1	0	2975.875000	20.794487	img__0_1545632015377254600.png
1545632015559	0.332926	26.805744	-0.604905	0.714065	0.004874	-0.002421	0.700058	-1.000000	0.000000	0.000000	-1	0	2989.778564	20.302908	img__0_1545632015549844800.png
1545632015730	0.354219	28.150732	-0.605579	0.714831	0.005452	-0.002111	0.699273	-1.000000	0.000000	0.000000	-1	0	2997.378662	19.802498	img__0_1545632015724352100.png
1545632015891	0.377194	29.465492	-0.604291	0.715587	0.004714	-0.001882	0.698505	-1.000000	0.000000	0.000000	-1	0	3043.056641	19.369169	img__0_1545632015888686200.png
1545632016072	0.404101	30.747538	-0.604325	0.716920	0.004763	-0.002268	0.697136	-1.000000	0.000000	0.000000	-1	0	3046.370850	18.862171	img__0_1545632016062343000.png
1545632016233	0.433889	31.995928	-0.604298	0.716920	0.004832	-0.002440	0.697135	-1.000000	0.000000	0.000000	-1	0	3047.453613	18.351875	img__0_1545632016229349600.png
1545632016402	0.464974	33.215027	-0.604409	0.716237	0.004471	-0.002249	0.697840	-1.000000	0.000000	0.000000	-1	0	3119.891113	17.969147	img__0_1545632016397699300.png
1545632016571	0.494378	34.403511	-0.604331	0.714596	0.004451	-0.002711	0.699518	-1.000000	0.000000	0.000000	-1	0	3118.555420	17.456770	img__0_1545632016564579500.png
1545632016731	0.521222	35.558117	-0.604291	0.714475	0.004217	-0.003174	0.699641	0.000000	0.000000	0.000000	0	0	3221.949707	17.266399	img__0_1545632016728736100.png
1545632016901	0.546756	36.709541	-0.604680	0.714494	0.002977	-0.002475	0.699631	1.000000	0.000000	0.000000	0	0	3371.275879	17.245569	img__0_1545632016896632400.png
1545632017066	0.571683	37.859261	-0.604943	0.714505	0.002141	-0.001977	0.699624	1.000000	0.000000	0.000000	0	0	3637.397705	17.226471	img__0_1545632017060070600.png
1545632017227	0.596301	39.007523	-0.605136	0.714512	0.001565	-0.001578	0.699620	1.000000	0.000000	0.000000	0	0	3912.728271	17.208120	img__0_1545632017224626700.png
1545632017398	0.620728	40.154430	-0.605282	0.714515	0.001160	-0.001251	0.699619	-1.000000	0.000000	0.000000	-1	0	3955.215332	17.190153	img__0_1545632017388936200.png
1545632017558	0.644839	41.290707	-0.605120	0.714520	0.001568	-0.001692	0.699611	-1.000000	0.000000	0.000000	-1	0	3931.305664	16.650829	img__0_1545632017555302300.png
1545632017718	0.668136	42.390144	-0.604891	0.714536	0.002141	-0.002271	0.699592	-1.000000	0.000000	0.000000	-1	0	3898.315430	16.097948	img__0_1545632017710599400.png
1545632017885	0.690649	43.452793	-0.604698	0.714554	0.002635	-0.002755	0.699570	-1.000000	0.000000	0.000000	-1	0	3863.292725	15.541568	img__0_1545632017877744700.png
1545632018039	0.712399	44.478443	-0.604542	0.714573	0.003038	-0.003141	0.699547	0.000000	0.000000	0.000000	0	0	3954.366943	15.355309	img__0_1545632018032056700.png
1545632018200	0.734132	45.501865	-0.604875	0.714588	0.002228	-0.002288	0.699538	1.000000	0.000000	0.000000	0	0	4092.831543	15.342425	img__0_1545632018193628600.png
1545632018362	0.755860	46.523724	-0.605080	0.714594	0.001720	-0.001747	0.699535	1.000000	0.000000	0.000000	0	0	4351.358398	15.329129	img__0_1545632018356778800.png
1545632018523	0.777579	47.544312	-0.605226	0.714597	0.001359	-0.001362	0.699534	1.000000	0.000000	0.000000	0	0	4619.481934	15.315714	img__0_1545632018519592500.png
1545632018680	0.799283	48.563728	-0.605336	0.714598	0.001090	-0.001078	0.699534	1.000000	0.000000	0.000000	0	0	4884.899414	15.302175	img__0_1545632018677794500.png
1545632018840	0.820969	49.582031	-0.605418	0.714598	0.000886	-0.000864	0.699534	1.000000	0.000000	0.000000	0	0	5147.641602	15.288486	img__0_1545632018837373500.png
1545632019000	0.842637	50.599247	-0.605480	0.714598	0.000732	-0.000703	0.699534	1.000000	0.000000	0.000000	0	0	5407.769531	15.274639	img__0_1545632018995154200.png
1545632019154	0.862466	51.615536	-0.605656	0.714084	0.000445	-0.000655	0.700059	1.000000	0.500000	0.000000	0	0	5665.314941	15.255591	img__0_1545632019147212200.png
1545632019303	0.874791	52.630478	-0.605491	0.711738	0.000077	-0.001012	0.702444	1.000000	0.000000	0.000000	0	0	5920.304688	15.241756	img__0_1545632019296999500.png
1545632019454	0.888133	53.644600	-0.605594	0.710838	-0.000061	-0.000933	0.703355	1.000000	0.000000	0.000000	0	0	5977.116211	15.227889	img__0_1545632019446913600.png
1545632019606	0.900017	54.657768	-0.605568	0.710467	-0.000221	-0.000871	0.703730	1.000000	0.000000	0.000000	0	0	5840.055176	15.214100	img__0_1545632019598911000.png
1545632019754	0.910679	55.669773	-0.605635	0.710323	-0.000193	-0.000838	0.703875	1.000000	0.000000	0.000000	1	0	5411.839844	15.200080	img__0_1545632019746725400.png
1545632019908	0.920988	56.681904	-0.607206	0.710269	-0.000468	0.000040	0.703930	1.000000	0.000000	0.000000	1	0	5693.009277	15.137044	img__0_1545632019903819300.png
1545632020055	0.930444	57.688999	-0.606887	0.710252	-0.000029	0.000210	0.703947	1.000000	0.000000	0.000000	1	0	5957.915527	15.099480	img__0_1545632020052709700.png
1545632020210	0.939996	58.693123	-0.608372	0.710247	0.001020	0.000126	0.703952	1.000000	0.000000	0.000000	1	0	6207.980957	15.084618	img__0_1545632020204549200.png
1545632020355	0.948641	59.697624	-0.607470	0.710202	0.001292	0.000381	0.703997	1.000000	0.000000	0.000000	1	0	6445.124023	15.088366	img__0_1545632020348999500.png
1545632020507	0.956835	60.702560	-0.606863	0.710174	0.001231	0.000219	0.704025	1.000000	0.000000	0.000000	1	0	6670.758301	15.107449	img__0_1545632020495115000.png
1545632020652	0.965289	61.709583	-0.606454	0.710170	0.000848	0.000336	0.704029	1.000000	0.000000	0.000000	1	0	6886.496094	15.140429	img__0_1545632020644599500.png
1545632020781	0.973525	62.719212	-0.605589	0.710173	0.000113	0.000311	0.704027	1.000000	0.000000	0.000000	1	0	7093.405273	15.184928	img__0_1545632020777641400.png
1545632020926	0.982411	63.731411	-0.605733	0.710172	-0.000132	0.000149	0.704029	1.000000	0.000000	0.000000	1	0	7292.283203	15.239855	img__0_1545632020922205800.png
1545632021067	0.991526	64.747673	-0.606058	0.710164	-0.000329	0.000289	0.704036	1.000000	0.000000	0.000000	1	0	7484.096680	15.303380	img__0_1545632021061958600.png
1545632021212	1.000489	65.767921	-0.605859	0.710146	-0.000243	0.000281	0.704054	1.000000	0.000000	0.000000	1	0	7500.002930	15.375441	img__0_1545632021208092600.png
1545632021367	1.009276	66.793236	-0.605928	0.710144	-0.000346	0.000292	0.704056	1.000000	0.000000	0.000000	1	0	7500.002930	15.447946	img__0_1545632021354781200.png
1545632021515	1.018312	67.823296	-0.606227	0.710163	-0.000222	0.000407	0.704037	1.000000	0.000000	0.000000	1	0	7500.002930	15.518970	img__0_1545632021495876800.png
1545632021647	1.027021	68.858307	-0.605914	0.710168	-0.000406	0.000427	0.704032	1.000000	0.000000	0.000000	1	0	7500.002930	15.588387	img__0_1545632021642131400.png
1545632021779	1.036019	69.897827	-0.605918	0.710167	-0.000466	0.000451	0.704033	1.000000	0.000000	0.000000	0	0	7413.513184	15.585896	img__0_1545632021776659300.png
1545632021921	1.044976	70.934029	-0.600720	0.710159	0.000887	-0.000961	0.704040	1.000000	0.000000	0.000000	0	0	7243.513672	15.565736	img__0_1545632021909195300.png
1545632022048	1.053973	71.971115	-0.600476	0.710150	0.001242	-0.001285	0.704048	1.000000	0.000000	0.000000	2	0	6594.260254	15.550533	img__0_1545632022044558400.png
1545632022183	1.062963	73.015854	-0.593834	0.710143	-0.001402	0.001358	0.704054	1.000000	0.000000	0.000000	2	0	6590.893555	15.750328	img__0_1545632022177251200.png
1545632022320	1.072084	74.068390	-0.595182	0.710133	-0.000993	0.000990	0.704066	1.000000	0.000000	0.000000	2	0	6586.753906	15.952551	img__0_1545632022310892500.png
1545632022452	1.081256	75.135147	-0.595415	0.710126	-0.001016	0.001032	0.704074	1.000000	0.000000	0.000000	2	0	6584.872559	16.153839	img__0_1545632022443891600.png
1545632022587	1.090511	76.215363	-0.595574	0.710118	-0.001113	0.001140	0.704081	1.000000	0.000000	0.000000	2	0	6585.850586	16.352268	img__0_1545632022584442100.png
1545632022711	1.099854	77.308754	-0.595699	0.710110	-0.001205	0.001238	0.704088	1.000000	0.000000	0.000000	2	0	6589.365723	16.548065	img__0_1545632022706675700.png
1545632022854	1.109286	78.415123	-0.595795	0.710103	-0.001277	0.001314	0.704096	1.000000	0.000000	0.000000	2	0	6595.192383	16.741411	img__0_1545632022849309400.png
1545632022974	1.118804	79.534309	-0.595867	0.710095	-0.001331	0.001370	0.704103	1.000000	0.000000	0.000000	2	0	6603.179688	16.932432	img__0_1545632022971966900.png
1545632023107	1.128408	80.666191	-0.595920	0.710088	-0.001369	0.001410	0.704110	1.000000	0.000000	0.000000	2	0	6613.203613	17.121254	img__0_1545632023098687600.png
1545632023238	1.138095	81.810616	-0.595960	0.710080	-0.001396	0.001438	0.704118	1.000000	0.000000	0.000000	2	0	6625.148438	17.307993	img__0_1545632023235690100.png
1545632023356	1.147864	82.967461	-0.595989	0.710073	-0.001414	0.001456	0.704125	1.000000	0.000000	0.000000	2	0	6638.903320	17.492765	img__0_1545632023354060000.png
1545632023485	1.157714	84.136597	-0.596010	0.710066	-0.001425	0.001467	0.704132	1.000000	0.000000	0.000000	2	0	6654.360352	17.675676	img__0_1545632023475841200.png
1545632023608	1.167641	85.317909	-0.596025	0.710058	-0.001431	0.001473	0.704140	1.000000	0.000000	0.000000	2	0	6671.417480	17.856815	img__0_1545632023605505900.png
1545632023724	1.177687	86.516327	-0.603166	0.710041	-0.003976	0.004038	0.704138	1.000000	0.000000	0.000000	2	0	6719.052246	18.002289	img__0_1545632023720972700.png
1545632023844	1.187744	87.718613	-0.601685	0.710038	-0.003296	0.003353	0.704147	1.000000	0.000000	0.000000	0	0	6762.724609	18.099270	img__0_1545632023840883200.png
1545632023974	1.197763	88.919044	-0.608165	0.710041	-0.000209	0.000240	0.704160	0.000000	0.000000	0.000000	0	0	6607.647949	18.084589	img__0_1545632023962487100.png
1545632024091	1.207809	90.124702	-0.606685	0.710039	-0.000528	0.000562	0.704162	0.000000	0.000000	0.000000	3	0	5923.905273	18.068140	img__0_1545632024088546100.png
1545632024218	1.217863	91.332993	-0.606573	0.710036	-0.000809	0.000846	0.704165	-1.000000	0.000000	0.000000	-1	0	5202.319336	17.900555	img__0_1545632024209618700.png
1545632024333	1.227681	92.513687	-0.605919	0.710040	0.000539	-0.000512	0.704160	-1.000000	0.000000	0.000000	-1	0	4865.142090	17.310423	img__0_1545632024327479500.png
1545632024455	1.237190	93.656250	-0.605464	0.710054	0.001466	-0.001444	0.704144	-1.000000	0.000000	0.000000	-1	0	4807.143555	16.729107	img__0_1545632024447940500.png
1545632024569	1.246410	94.760468	-0.605116	0.710072	0.002176	-0.002156	0.704123	-1.000000	0.000000	0.000000	-1	0	4748.634277	16.146435	img__0_1545632024564765800.png
1545632024687	1.255352	95.826073	-0.604845	0.710091	0.002734	-0.002712	0.704100	0.000000	0.000000	0.000000	0	0	4825.062012	15.938128	img__0_1545632024678817400.png
1545632024806	1.264321	96.888634	-0.605106	0.710107	0.001992	-0.001956	0.704089	0.000000	0.000000	0.000000	0	0	4714.419922	15.921842	img__0_1545632024800811800.png
1545632024923	1.273318	97.949646	-0.605262	0.710113	0.001522	-0.001476	0.704084	0.000000	0.000000	0.000000	0	0	4606.313477	15.906093	img__0_1545632024917054900.png
1545632025034	1.282329	99.009384	-0.605373	0.710116	0.001187	-0.001136	0.704083	0.000000	0.000000	0.000000	0	0	4500.686035	15.890715	img__0_1545632025027581200.png
1545632025151	1.291345	100.067917	-0.605455	0.710117	0.000937	-0.000885	0.704083	0.000000	0.000000	0.000000	0	0	4397.480957	15.875578	img__0_1545632025143948200.png
1545632025270	1.300360	101.125298	-0.605516	0.710117	0.000749	-0.000697	0.704083	0.000000	0.000000	0.000000	0	0	4296.642578	15.860591	img__0_1545632025260474900.png
1545632025386	1.309370	102.181580	-0.605562	0.710118	0.000607	-0.000556	0.704082	0.000000	0.000000	0.000000	0	0	4198.115723	15.845688	img__0_1545632025377927900.png
1545632025504	1.318374	103.236778	-0.605597	0.710118	0.000498	-0.000449	0.704083	-1.000000	0.000000	0.000000	-1	0	3662.994873	15.549998	img__0_1545632025497975300.png
1545632025615	1.327565	104.262299	-0.606787	0.710194	0.001174	-0.000654	0.704004	-1.000000	0.000000	0.000000	-1	0	3419.251465	15.006984	img__0_1545632025609529700.png
1545632025733	1.336055	105.252022	-0.606178	0.710359	0.002130	-0.001278	0.703836	-1.000000	0.000000	0.000000	-1	0	3491.925781	14.642196	img__0_1545632025727655000.png
1545632025853	1.343118	106.218697	-0.606037	0.708582	0.002500	-0.001444	0.705622	-1.000000	0.000000	0.000000	-1	0	3562.823486	14.270292	img__0_1545632025844234900.png
1545632025973	1.349582	107.159439	-0.607480	0.709615	0.003427	-0.001728	0.704579	0.000000	0.000000	0.000000	0	0	3658.868408	14.106987	img__0_1545632025961265400.png
1545632026079	1.356065	108.097588	-0.606713	0.710280	0.003174	-0.001126	0.703911	0.000000	0.000000	0.000000	0	0	3574.968506	14.097832	img__0_1545632026076203900.png
1545632026192	1.363312	109.034454	-0.606279	0.710503	0.002810	-0.000992	0.703688	0.000000	0.000000	0.000000	0	0	3492.990723	14.086694	img__0_1545632026187567500.png
1545632026315	1.371725	109.970528	-0.606347	0.710580	0.002455	-0.000729	0.703612	0.000000	0.000000	0.000000	0	0	3412.893066	14.074782	img__0_1545632026309427000.png
1545632026424	1.380053	110.906212	-0.605309	0.710608	0.001523	-0.000539	0.703586	0.000000	0.000000	0.000000	0	0	3334.632080	14.062683	img__0_1545632026419794400.png
1545632026539	1.390779	111.840263	-0.605334	0.711098	0.001167	-0.000569	0.703092	0.000000	-0.500000	0.000000	0	0	3258.165283	14.043555	img__0_1545632026535929700.png
1545632026651	1.414665	112.773506	-0.606620	0.714836	0.001441	0.000694	0.699290	0.000000	-0.500000	0.000000	0	0	3183.452148	14.014391	img__0_1545632026643813100.png
1545632026761	1.458563	113.703087	-0.606045	0.722648	0.002705	0.001669	0.691208	0.000000	-0.500000	0.000000	0	0	3110.452393	13.971861	img__0_1545632026755346800.png
1545632026872	1.531660	114.627731	-0.606194	0.734361	0.004650	0.002765	0.678738	1.000000	-0.500000	0.000000	1	0	2903.441895	13.930338	img__0_1545632026868911400.png
1545632026989	1.634787	115.544838	-0.606485	0.747658	0.006770	0.004198	0.664036	1.000000	-0.500000	0.000000	1	0	3086.323486	13.700924	img__0_1545632026985375300.png
1545632027103	1.767055	116.443504	-0.606136	0.761303	0.008266	0.005454	0.648321	1.000000	-0.500000	0.000000	1	0	3457.310547	13.490423	img__0_1545632027096686800.png
1545632027215	1.931453	117.322693	-0.605262	0.774733	0.009736	0.006122	0.632184	1.000000	-0.500000	0.000000	1	0	3807.397217	13.310457	img__0_1545632027209610500.png
1545632027334	2.130419	118.183044	-0.605374	0.787912	0.011066	0.006828	0.615650	1.000000	-0.500000	0.000000	1	0	4138.063965	13.159949	img__0_1545632027327443400.png
1545632027451	2.363585	119.024574	-0.605754	0.800721	0.012456	0.007364	0.598862	0.000000	-0.500000	0.000000	1	0	4311.250977	13.038135	img__0_1545632027443836300.png
1545632027568	2.629501	119.848457	-0.605407	0.813291	0.013234	0.007789	0.581655	-1.000000	-0.500000	0.000000	-1	0	4234.741699	12.648730	img__0_1545632027561309300.png
1545632027688	2.912484	120.634300	-0.607401	0.823179	0.013487	0.007474	0.567572	-1.000000	0.000000	0.000000	-1	0	4245.803223	12.174990	img__0_1545632027684131000.png
1545632027806	3.203123	121.382370	-0.607300	0.829611	0.013277	0.006416	0.558147	-1.000000	0.000000	0.000000	-1	0	4244.461426	11.692110	img__0_1545632027800739600.png
1545632027926	3.489607	122.098259	-0.608387	0.832239	0.012031	0.004327	0.554270	-1.000000	0.000000	0.000000	-1	0	4280.242676	11.278076	img__0_1545632027923126400.png
1545632028058	3.916495	123.117302	-0.609482	0.834036	0.010376	0.002169	0.551608	-1.000000	-0.500000	0.000000	-1	0	4354.873535	10.590149	img__0_1545632028054316300.png
1545632028172	4.059111	123.439423	-0.608933	0.835903	0.010061	0.001349	0.548784	-1.000000	-0.500000	0.000000	-1	0	4349.416992	10.429204	img__0_1545632028168726000.png
1545632028294	4.350231	124.059479	-0.607248	0.841059	0.009972	0.000067	0.540851	-1.000000	-0.500000	0.000000	-1	0	4379.336914	9.972385	img__0_1545632028290688500.png
1545632028419	4.650306	124.641609	-0.606790	0.849071	0.010348	-0.000274	0.528177	-1.000000	-0.500000	0.000000	-1	0	4415.168457	9.531111	img__0_1545632028413888400.png
1545632028539	4.957432	125.186684	-0.606745	0.857950	0.010771	-0.000399	0.513620	-1.000000	-0.500000	0.000000	-1	0	4433.578613	9.062680	img__0_1545632028535318000.png
1545632028669	5.267955	125.694008	-0.605579	0.866945	0.010674	-0.000243	0.498290	-1.000000	-0.500000	0.000000	-1	0	4464.737793	8.622286	img__0_1545632028661257100.png
1545632028791	5.583786	126.163620	-0.604237	0.875725	0.010728	0.000139	0.482691	-1.000000	-0.500000	0.000000	-1	0	4487.079102	8.164415	img__0_1545632028787659400.png
1545632028919	5.897747	126.593643	-0.604135	0.883952	0.011026	-0.000264	0.467446	-1.000000	-0.500000	0.000000	-1	0	4502.451172	7.689324	img__0_1545632028910604500.png
1545632029047	6.212565	126.988014	-0.604229	0.891949	0.011015	-0.000231	0.452002	-1.000000	-0.500000	0.000000	-1	0	4542.291992	7.270987	img__0_1545632029042299900.png
1545632029179	6.518160	127.344994	-0.604079	0.899075	0.010922	-0.001167	0.437658	-1.000000	-0.500000	0.000000	-1	0	4518.201172	6.715311	img__0_1545632029173062800.png
1545632029306	6.821085	127.668228	-0.604294	0.906993	0.010380	-0.000832	0.421017	-1.000000	-0.500000	0.000000	-1	0	4588.557617	6.380663	img__0_1545632029300328800.png
1545632029437	7.111119	127.956276	-0.604069	0.913767	0.010198	-0.002048	0.406106	-1.000000	-0.500000	0.000000	-1	0	4580.090820	5.825169	img__0_1545632029433758300.png
1545632029562	7.393451	128.214157	-0.604250	0.920094	0.009480	-0.001827	0.391579	-1.000000	-0.500000	0.000000	-1	0	4606.706055	5.352149	img__0_1545632029557445600.png
1545632029698	7.658218	128.437561	-0.604163	0.925710	0.008998	-0.002493	0.378118	-1.000000	-0.500000	0.000000	-1	0	4626.538574	4.850484	img__0_1545632029692154700.png
1545632029821	7.914083	128.636124	-0.600433	0.932406	0.008106	-0.001985	0.361315	1.000000	-0.500000	0.000000	0	0	4892.315918	4.805131	img__0_1545632029818529100.png
1545632029961	8.175489	128.824539	-0.597563	0.938369	0.007323	-0.001385	0.345555	1.000000	-0.500000	0.000000	0	0	5155.416016	4.798259	img__0_1545632029954941700.png
1545632030080	8.442583	129.003677	-0.597346	0.944039	0.006640	-0.000861	0.329767	1.000000	-0.500000	0.000000	0	0	5415.897461	4.789943	img__0_1545632030074695400.png
1545632030219	8.715201	129.173309	-0.598305	0.949436	0.006198	-0.000214	0.313901	1.000000	-0.500000	0.000000	0	0	5673.789063	4.781337	img__0_1545632030214252100.png
1545632030345	8.992536	129.333710	-0.599635	0.954554	0.005424	0.000283	0.297989	1.000000	-0.500000	0.000000	0	0	5929.116211	4.773964	img__0_1545632030338714700.png
1545632030473	9.274329	129.483887	-0.600133	0.959400	0.004985	0.000425	0.282006	1.000000	-0.500000	0.000000	0	0	6181.905762	4.766837	img__0_1545632030467602400.png
1545632030600	9.560440	129.624268	-0.600456	0.963970	0.004664	0.000498	0.265969	1.000000	-0.500000	0.000000	0	0	6432.182129	4.759373	img__0_1545632030591362600.png
1545632030730	9.850774	129.754807	-0.601074	0.968268	0.004470	0.000732	0.249871	1.000000	-0.500000	0.000000	0	0	6679.969727	4.750838	img__0_1545632030722663500.png
1545632030868	10.144768	129.875366	-0.601752	0.972294	0.004344	0.000981	0.233719	1.000000	-0.500000	0.000000	0	0	6724.184570	4.742657	img__0_1545632030859610900.png
1545632031001	10.442032	129.985840	-0.602324	0.976045	0.004325	0.001197	0.217522	1.000000	-0.500000	0.000000	0	0	6569.402344	4.734499	img__0_1545632030993646900.png
1545632031138	10.741782	130.086212	-0.603225	0.979519	0.004266	0.001102	0.201302	1.000000	-0.500000	0.000000	1	0	6010.913574	4.767792	img__0_1545632031126291700.png
1545632031270	11.051270	130.178772	-0.605541	0.982780	0.003514	0.001909	0.184737	1.000000	-0.500000	0.000000	1	0	6152.632324	4.946944	img__0_1545632031259371300.png
1545632031405	11.375619	130.263565	-0.607423	0.985885	0.002584	0.002787	0.167379	1.000000	-0.500000	0.000000	1	0	6261.870117	5.188310	img__0_1545632031399178700.png
1545632031542	11.718340	130.335587	-0.618554	0.988839	0.002216	0.004351	0.148909	1.000000	-0.500000	0.000000	1	0	6388.298340	5.454337	img__0_1545632031538912300.png
1545632031686	12.071865	130.395966	-0.619393	0.991496	0.002633	0.004150	0.130046	1.000000	-0.500000	0.000000	1	0	6486.764648	5.582563	img__0_1545632031676271300.png
1545632031822	12.450812	130.449814	-0.618176	0.993777	0.002950	0.005086	0.111232	1.000000	-0.500000	0.000000	1	0	6592.614746	5.687804	img__0_1545632031815887100.png
1545632031958	12.839792	130.489395	-0.616936	0.995806	0.003622	0.004973	0.091281	1.000000	-0.500000	0.000000	1	0	6691.831055	6.192637	img__0_1545632031955014700.png
1545632032102	13.246801	130.516174	-0.616194	0.997455	0.004315	0.002649	0.071121	1.000000	-0.500000	0.000000	1	0	6783.574219	6.394425	img__0_1545632032097983200.png
1545632032246	13.675958	130.529831	-0.616927	0.998654	0.004030	0.001581	0.051694	1.000000	-0.500000	0.000000	1	0	6885.349609	6.578995	img__0_1545632032240161000.png
1545632032397	14.117476	130.526138	-0.617277	0.999532	0.003275	0.000164	0.030409	1.000000	-0.500000	0.000000	1	0	6982.619141	6.875375	img__0_1545632032386036100.png
1545632032538	14.579665	130.502060	-0.616428	0.999949	0.004256	-0.000657	0.009100	1.000000	-0.500000	0.000000	1	0	7081.932617	7.088364	img__0_1545632032534388300.png
1545632032674	15.054888	130.460022	-0.614341	0.999905	0.005607	-0.000612	-0.012609	1.000000	-0.500000	0.000000	1	0	7180.530273	7.335053	img__0_1545632032671331800.png
1545632032821	15.546551	130.396881	-0.612725	0.999377	0.006551	0.000048	-0.034672	1.000000	-0.500000	0.000000	1	0	7282.360840	7.555247	img__0_1545632032817318100.png
1545632032979	16.048094	130.311630	-0.611669	0.998351	0.007148	0.000707	-0.056956	1.000000	-0.500000	0.000000	1	0	7384.139648	7.818843	img__0_1545632032965574700.png
1545632033119	16.565393	130.206635	-0.610753	0.997007	0.007266	0.001851	-0.076952	1.000000	0.000000	0.000000	0	0	7413.513184	7.794192	img__0_1545632033116574300.png
1545632033273	17.080492	130.110840	-0.610227	0.996349	0.005603	0.002531	-0.085153	1.000000	0.000000	0.000000	0	0	7243.513672	7.825806	img__0_1545632033267002400.png
1545632033424	17.597986	130.019348	-0.609530	0.996248	0.004020	0.002503	-0.086410	1.000000	0.000000	0.000000	2	0	6618.292480	7.761147	img__0_1545632033421239800.png
1545632033578	18.111563	129.928818	-0.609472	0.996221	0.002847	0.001883	-0.086788	1.000000	0.000000	0.000000	2	0	6526.188477	8.112883	img__0_1545632033573121000.png
1545632033737	18.647451	129.832260	-0.610049	0.996158	0.001863	0.001863	-0.087538	1.000000	-0.500000	0.000000	2	0	6440.405273	8.356110	img__0_1545632033725862200.png
1545632033878	19.196497	129.717316	-0.611221	0.995529	0.001863	0.001586	-0.094421	1.000000	-0.500000	0.000000	2	0	6366.092285	8.614831	img__0_1545632033873747600.png
1545632034036	19.760603	129.582596	-0.611570	0.994421	0.002622	0.001769	-0.105440	1.000000	0.000000	0.000000	2	0	6295.025391	8.893814	img__0_1545632034024694200.png
1545632034174	20.343710	129.450577	-0.611159	0.994023	0.002676	0.002069	-0.109115	1.000000	0.000000	0.000000	2	0	6221.973145	9.174498	img__0_1545632034168711300.png
1545632034318	20.945698	129.318146	-0.610984	0.994044	0.002323	0.002282	-0.108929	1.000000	0.500000	0.000000	2	0	6157.364746	9.436128	img__0_1545632034316167100.png
1545632034475	21.567139	129.196030	-0.610988	0.994717	0.000949	0.002477	-0.102620	1.000000	0.500000	0.000000	2	0	6124.938965	9.663849	img__0_1545632034472489400.png
1545632034623	22.206079	129.091568	-0.608657	0.995938	-0.001224	0.001843	-0.090016	1.000000	0.500000	0.000000	2	0	6079.573242	9.886634	img__0_1545632034620039600.png
1545632034776	22.864668	129.008530	-0.608597	0.997334	-0.003408	0.001882	-0.072865	1.000000	0.000000	0.000000	2	0	6028.688477	10.154299	img__0_1545632034773176100.png
1545632034925	23.536991	128.925735	-0.605030	0.998058	-0.003376	-0.000089	-0.062196	1.000000	0.000000	0.000000	2	0	6016.336426	10.378624	img__0_1545632034922572500.png
1545632035085	24.229435	128.841217	-0.601122	0.998238	-0.003733	0.000795	-0.059207	1.000000	0.000000	0.000000	2	0	5966.921387	10.634231	img__0_1545632035073607400.png
1545632035233	24.937479	128.757782	-0.600887	0.998340	-0.003435	0.000633	-0.057483	1.000000	0.500000	0.000000	2	0	5925.528809	10.878472	img__0_1545632035226922100.png
1545632035375	25.662809	128.680786	-0.600991	0.998536	-0.003272	0.000600	-0.053998	1.000000	0.000000	0.000000	2	0	5886.984863	11.125675	img__0_1545632035369457700.png
1545632035517	26.407253	128.599228	-0.595614	0.998610	-0.002501	0.002395	-0.052596	1.000000	0.000000	0.000000	0	0	5944.344727	11.248845	img__0_1545632035514589500.png
1545632035665	27.151936	128.519424	-0.595405	0.998638	-0.001989	0.002002	-0.052106	1.000000	0.000000	0.000000	0	0	5808.035156	11.251275	img__0_1545632035657229200.png
1545632035815	27.895239	128.440765	-0.595386	0.998649	-0.001559	0.001414	-0.051920	1.000000	0.000000	0.000000	3	0	5136.390137	11.254033	img__0_1545632035804177500.png
1545632035965	28.645990	128.361664	-0.595604	0.998645	-0.001132	0.001753	-0.052005	1.000000	0.000000	0.000000	3	0	4994.352051	11.504201	img__0_1545632035952668100.png
1545632036104	29.413221	128.281036	-0.595764	0.998643	-0.000780	0.001992	-0.052026	1.000000	0.500000	0.000000	3	0	4872.097656	11.751413	img__0_1545632036100714300.png
1545632036252	30.197111	128.205597	-0.595871	0.998782	-0.000980	0.002150	-0.049293	1.000000	0.500000	0.000000	3	0	4766.586426	11.980501	img__0_1545632036249745000.png
1545632036404	30.997192	128.144760	-0.595938	0.999148	-0.001961	0.002247	-0.041162	1.000000	0.000000	0.000000	3	0	4670.614746	12.205967	img__0_1545632036395753100.png
1545632036549	31.812868	128.088547	-0.595997	0.999402	-0.002393	0.002343	-0.034412	1.000000	0.000000	0.000000	3	0	4579.940430	12.433626	img__0_1545632036546589800.png
1545632036690	32.643562	128.031036	-0.596041	0.999476	-0.002283	0.002389	-0.032205	1.000000	0.000000	0.000000	3	0	4495.296387	12.655842	img__0_1545632036687325700.png
1545632036836	33.489082	127.974838	-0.596070	0.999497	-0.002065	0.002408	-0.031549	1.000000	0.500000	0.000000	3	0	4420.724121	12.870660	img__0_1545632036833784500.png
1545632036986	34.349064	127.925781	-0.596082	0.999582	-0.002217	0.002386	-0.028736	1.000000	0.500000	0.000000	3	0	4361.669434	13.068547	img__0_1545632036977005300.png
1545632037130	35.222637	127.893005	-0.596077	0.999780	-0.003066	0.002320	-0.020600	1.000000	0.000000	0.000000	3	0	4310.291504	13.263236	img__0_1545632037121693500.png
1545632037271	36.109722	127.867058	-0.596081	0.999899	-0.003385	0.002304	-0.013588	1.000000	0.000000	0.000000	3	0	4261.553223	13.462194	img__0_1545632037268346400.png
1545632037420	37.010044	127.841591	-0.596085	0.999930	-0.003166	0.002280	-0.011138	1.000000	0.000000	0.000000	3	0	4217.492676	13.656856	img__0_1545632037416595600.png
1545632037563	37.923355	127.818970	-0.596085	0.999940	-0.002841	0.002252	-0.010346	1.000000	0.000000	0.000000	3	0	4180.476074	13.846630	img__0_1545632037556397800.png
1545632037701	38.849297	127.798096	-0.596083	0.999943	-0.002418	0.002218	-0.010118	1.000000	0.000000	0.000000	3	0	4149.692383	14.032307	img__0_1545632037695954100.png
1545632037853	39.787464	127.778008	-0.596028	0.999945	-0.001925	0.002132	-0.010075	1.000000	-0.500000	0.000000	3	0	4126.819824	14.211737	img__0_1545632037847616700.png
1545632037996	40.737328	127.751442	-0.596061	0.999915	-0.001009	0.002105	-0.012804	1.000000	0.000000	0.000000	3	0	4111.256836	14.384492	img__0_1545632037985072900.png
1545632038133	41.698658	127.723877	-0.596247	0.999889	-0.000409	0.001985	-0.014761	1.000000	0.000000	0.000000	3	0	4097.342773	14.558132	img__0_1545632038131133000.png
1545632038283	42.671692	127.695496	-0.596060	0.999878	-0.000073	0.002023	-0.015482	1.000000	0.000000	0.000000	3	0	4087.906250	14.728801	img__0_1545632038272056700.png
1545632038419	43.655941	127.665642	-0.596048	0.999874	0.000166	0.002005	-0.015729	1.000000	0.000000	0.000000	3	0	4082.691162	14.896240	img__0_1545632038416105900.png
1545632038556	44.651253	127.634766	-0.596041	0.999873	0.000294	0.001976	-0.015805	1.000000	0.000000	0.000000	3	0	4081.228760	15.060869	img__0_1545632038553542000.png
1545632038700	45.657478	127.603149	-0.596034	0.999873	0.000334	0.001946	-0.015822	1.000000	0.000000	0.000000	3	0	4083.155762	15.222924	img__0_1545632038696801300.png
1545632038844	46.674458	127.571007	-0.596027	0.999873	0.000322	0.001918	-0.015821	1.000000	0.000000	0.000000	3	0	4088.119873	15.382639	img__0_1545632038835784100.png
1545632038981	47.702042	127.538414	-0.596019	0.999873	0.000283	0.001892	-0.015816	1.000000	0.000000	0.000000	3	0	4095.795654	15.540217	img__0_1545632038973298200.png
1545632039118	48.740097	127.505455	-0.596013	0.999873	0.000237	0.001868	-0.015811	1.000000	0.500000	0.000000	3	0	4106.880371	15.694251	img__0_1545632039114937400.png
1545632039260	49.788403	127.478951	-0.595999	0.999913	-0.000286	0.001831	-0.013089	1.000000	0.000000	0.000000	3	0	4122.411133	15.843530	img__0_1545632039255556700.png
1545632039401	50.846851	127.453506	-0.595995	0.999938	-0.000508	0.001820	-0.011013	1.000000	0.000000	0.000000	3	0	4136.162109	15.996201	img__0_1545632039397458900.png
1545632039532	51.915474	127.428955	-0.595990	0.999946	-0.000620	0.001805	-0.010189	1.000000	0.000000	0.000000	3	0	4151.474609	16.147308	img__0_1545632039527191200.png
1545632039666	52.994167	127.405655	-0.595986	0.999949	-0.000674	0.001790	-0.009881	1.000000	0.000000	0.000000	3	0	4168.315918	16.297064	img__0_1545632039662034100.png
1545632039804	54.082859	127.383125	-0.595982	0.999950	-0.000656	0.001775	-0.009776	1.000000	0.000000	0.000000	3	0	4186.498535	16.445585	img__0_1545632039798797000.png
1545632039943	55.181438	127.360985	-0.595978	0.999951	-0.000581	0.001761	-0.009746	1.000000	0.000000	0.000000	3	0	4205.860352	16.592995	img__0_1545632039935313900.png
1545632040094	56.849243	127.327957	-0.601013	0.999946	-0.000409	0.003397	-0.009790	1.000000	0.000000	0.000000	3	0	4256.732422	16.801226	img__0_1545632040078427500.png
1545632040265	57.972767	127.305573	-0.602670	0.999942	0.000005	0.004511	-0.009738	1.000000	0.000000	0.000000	3	0	4280.034180	16.944408	img__0_1545632040260520400.png
1545632040401	59.101776	127.283798	-0.607276	0.999950	0.000173	0.002415	-0.009685	1.000000	0.500000	0.000000	3	0	4303.211426	17.083046	img__0_1545632040397906900.png
1545632040539	60.241264	127.268257	-0.607939	0.999974	-0.000134	0.001171	-0.007065	1.000000	0.000000	0.000000	3	0	4325.665039	17.224054	img__0_1545632040533636800.png
1545632040666	61.392334	127.254829	-0.607115	0.999987	-0.000239	0.001463	-0.004835	1.000000	0.000000	0.000000	3	0	4347.227051	17.369137	img__0_1545632040655933300.png
1545632040790	62.552944	127.243057	-0.606470	0.999991	-0.000651	0.001672	-0.003895	1.000000	0.000000	0.000000	3	0	4369.312500	17.512819	img__0_1545632040786224300.png
1545632040919	63.722824	127.232460	-0.606426	0.999992	-0.000833	0.001670	-0.003505	1.000000	0.000000	0.000000	3	0	4392.039551	17.655518	img__0_1545632040916270100.png
1545632041051	64.902145	127.221085	-0.606375	0.999990	-0.000708	0.001663	-0.004106	1.000000	-0.500000	0.000000	3	0	4418.827637	17.791710	img__0_1545632041043019500.png
1545632041180	66.090500	127.202995	-0.606339	0.999972	-0.000161	0.001657	-0.007342	1.000000	0.000000	0.000000	3	0	4442.870117	17.933195	img__0_1545632041169767300.png
1545632041305	67.288269	127.185211	-0.606311	0.999960	0.000109	0.001654	-0.008811	1.000000	0.000000	0.000000	3	0	4466.648438	18.074087	img__0_1545632041298827700.png
1545632041432	68.495377	127.167320	-0.606287	0.999961	0.000205	0.001646	-0.008698	1.000000	0.500000	0.000000	3	0	4494.312988	18.208706	img__0_1545632041427503200.png
1545632041560	69.711319	127.160362	-0.606259	0.999992	-0.000517	0.001612	-0.003527	1.000000	0.500000	0.000000	3	0	4529.266113	18.328768	img__0_1545632041552902400.png
1545632041685	70.935509	127.171188	-0.606245	0.999976	-0.001874	0.001598	0.006514	1.000000	0.000000	0.000000	3	0	4554.612305	18.466223	img__0_1545632041677986900.png
1545632041806	72.163116	127.186699	-0.599124	0.999918	-0.002494	-0.002091	0.012416	1.000000	0.000000	0.000000	3	0	4600.023438	18.591944	img__0_1545632041803376400.png
1545632041935	73.405426	127.209869	-0.600581	0.999880	-0.002961	-0.001163	0.015191	0.000000	0.000000	0.000000	3	0	4498.370117	18.723083	img__0_1545632041932449400.png
1545632042064	74.660522	127.239464	-0.593927	0.999852	-0.003156	0.002697	0.016722	0.000000	0.000000	0.000000	3	0	3915.243896	18.842367	img__0_1545632042053465900.png
1545632042183	75.916641	127.272499	-0.595280	0.999854	-0.002958	0.001775	0.016740	0.000000	-0.500000	0.000000	0	0	3567.286865	18.916758	img__0_1545632042177010300.png
1545632042303	77.175873	127.297272	-0.595334	0.999930	-0.001877	0.001185	0.011630	0.000000	0.000000	0.000000	0	0	3485.485352	18.888575	img__0_1545632042300285300.png
1545632042433	78.434059	127.318016	-0.595372	0.999978	-0.000930	0.000888	0.006442	0.000000	0.000000	0.000000	0	0	3405.559814	18.867899	img__0_1545632042427566700.png
1545632042554	79.691093	127.336716	-0.595402	0.999992	-0.000189	0.000673	0.004029	1.000000	0.000000	0.000000	2	0	3180.776123	18.813732	img__0_1545632042548333800.png
1545632042671	80.943443	127.351151	-0.595377	0.999996	0.000461	0.000336	0.002903	1.000000	0.000000	0.000000	2	0	3312.144531	18.734341	img__0_1545632042668321400.png
1545632042792	82.190971	127.362144	-0.595369	0.999997	0.000897	0.000122	0.002378	1.000000	0.000000	0.000000	2	0	3622.178711	18.678043	img__0_1545632042786754100.png
1545632042907	83.435532	127.370766	-0.595388	0.999997	0.001102	0.000050	0.002133	1.000000	0.000000	0.000000	2	0	3892.468750	18.655424	img__0_1545632042903103800.png
1545632043025	84.679207	127.377861	-0.595423	0.999997	0.001124	0.000071	0.002020	0.000000	0.000000	0.000000	2	0	3762.619629	18.653694	img__0_1545632043018379100.png
1545632043142	85.922462	127.384003	-0.595440	0.999997	0.001030	0.000056	0.001969	0.000000	0.000000	0.000000	2	0	3333.684814	18.623678	img__0_1545632043137306600.png
1545632043258	87.162781	127.389542	-0.595419	0.999998	0.000881	-0.000075	0.001946	0.000000	0.000000	0.000000	2	0	2997.897949	18.550947	img__0_1545632043254088800.png
1545632043370	88.397614	127.394707	-0.595380	0.999998	0.000716	-0.000263	0.001934	0.000000	0.000000	0.000000	2	0	2733.161621	18.446911	img__0_1545632043364811100.png
1545632043485	89.625053	127.399635	-0.595331	0.999998	0.000562	-0.000472	0.001925	0.000000	0.000000	0.000000	2	0	2523.289551	18.319357	img__0_1545632043479917900.png
1545632043600	90.843689	127.404404	-0.595279	0.999998	0.000429	-0.000683	0.001918	0.000000	0.000000	0.000000	2	0	2356.073975	18.174028	img__0_1545632043597583800.png
1545632043716	92.052406	127.409058	-0.595228	0.999998	0.000321	-0.000882	0.001909	0.000000	0.000000	0.000000	2	0	2222.187500	18.015226	img__0_1545632043713388800.png
1545632043822	93.250381	127.413628	-0.595182	0.999998	0.000238	-0.001064	0.001901	0.000000	0.000000	0.000000	2	0	2114.432617	17.846226	img__0_1545632043818548900.png
1545632043946	94.436974	127.418114	-0.595139	0.999997	0.000177	-0.001226	0.001891	0.000000	0.000000	0.000000	2	0	2027.214600	17.669567	img__0_1545632043937493100.png
1545632044055	95.611717	127.422539	-0.595102	0.999997	0.000132	-0.001367	0.001882	0.000000	0.000000	0.000000	0	0	1966.953735	17.487200	img__0_1545632044051494200.png
1545632044171	96.779488	127.426910	-0.595224	0.999998	0.000100	-0.000932	0.001874	0.000000	0.000000	0.000000	0	0	1921.849365	17.490969	img__0_1545632044167121200.png
1545632044284	97.946320	127.431274	-0.595283	0.999998	0.000078	-0.000729	0.001871	0.000000	0.000000	0.000000	0	0	1877.779419	17.478361	img__0_1545632044279731100.png
1545632044390	99.111992	127.435631	-0.595328	0.999998	0.000062	-0.000571	0.001870	0.000000	0.000000	0.000000	1	0	1777.435181	17.323881	img__0_1545632044386622000.png
1545632044512	100.826866	127.442032	-0.595023	0.999997	0.000050	-0.001674	0.001856	0.000000	0.000000	0.000000	1	0	1696.428101	16.844351	img__0_1545632044503957600.png
1545632044668	101.943817	127.446182	-0.594912	0.999996	0.000046	-0.002071	0.001841	0.000000	0.000000	0.000000	1	0	1650.417969	16.522663	img__0_1545632044665874200.png
1545632044791	103.579330	127.452202	-0.594794	0.999995	0.000044	-0.002492	0.001817	0.000000	0.000000	0.000000	1	0	1598.029175	16.025661	img__0_1545632044785570000.png
1545632044952	104.647850	127.456093	-0.599941	0.999998	0.000041	-0.000582	0.001803	0.000000	0.000000	0.000000	1	0	1528.000977	15.779673	img__0_1545632044946099400.png
1545632045065	105.694702	127.459923	-0.600136	0.999998	0.000041	-0.000477	0.001800	-1.000000	0.000000	0.000000	-1	0	1250.327515	15.387548	img__0_1545632045062395500.png
1545632045175	106.709877	127.463699	-0.605263	0.999994	0.000086	-0.002871	0.001864	-1.000000	0.000000	0.000000	-1	0	1168.698853	14.941312	img__0_1545632045170834800.png
1545632045293	107.700859	127.467812	-0.605386	0.999989	0.000057	-0.003238	0.003272	-1.000000	0.000000	0.000000	-1	0	1268.234253	14.573695	img__0_1545632045288738600.png
1545632045408	108.668953	127.474091	-0.605426	0.999976	0.000043	-0.003277	0.006138	-1.000000	-0.500000	0.000000	-1	0	1383.131592	14.234636	img__0_1545632045402993700.png
1545632045525	109.609917	127.479568	-0.605020	0.999973	-0.000028	-0.003780	0.006346	-1.000000	-0.500000	0.000000	-1	0	1426.412720	13.764516	img__0_1545632045518461000.png
1545632045638	110.520096	127.474678	-0.604855	0.999991	0.000607	-0.004080	0.000711	-1.000000	-0.500000	0.000000	-1	0	1472.282471	13.289818	img__0_1545632045634966700.png
1545632045756	111.398643	127.451569	-0.604742	0.999934	0.001999	-0.004322	-0.010498	-1.000000	-0.500000	0.000000	-1	0	1518.607422	12.808825	img__0_1545632045753005100.png
1545632045881	112.668579	127.372253	-0.604767	0.999310	0.004824	-0.004261	-0.036579	1.000000	-0.500000	0.000000	0	0	1718.299438	12.703497	img__0_1545632045873353700.png
1545632046041	113.507393	127.280853	-0.604984	0.998368	0.007066	-0.003656	-0.056552	1.000000	-0.500000	0.000000	0	0	1957.052612	12.669041	img__0_1545632046036734000.png
1545632046162	114.755089	127.083267	-0.605433	0.996121	0.010092	-0.002402	-0.087385	1.000000	-0.500000	0.000000	0	0	2394.383545	12.514632	img__0_1545632046157339000.png
1545632046277	115.163116	127.002174	-0.605259	0.995192	0.010811	-0.003224	-0.097288	1.000000	-0.500000	0.000000	0	0	2538.687500	12.596750	img__0_1545632046271106600.png
1545632046387	115.977333	126.814217	-0.605346	0.992969	0.012164	-0.003257	-0.117702	1.000000	-0.500000	0.000000	0	0	2825.109131	12.560388	img__0_1545632046380325000.png
1545632046499	116.780655	126.593842	-0.605409	0.990330	0.013190	-0.003392	-0.138059	1.000000	-0.500000	0.000000	0	0	3108.639160	12.524419	img__0_1545632046496350300.png
1545632046614	117.571762	126.341415	-0.605456	0.987281	0.013931	-0.003595	-0.158334	1.000000	-0.500000	0.000000	0	0	3389.307373	12.488870	img__0_1545632046610992600.png
1545632046730	118.349487	126.057236	-0.605725	0.983817	0.014535	-0.003753	-0.178549	1.000000	-0.500000	0.000000	0	0	3487.885498	12.454027	img__0_1545632046723544600.png
1545632046845	118.735428	125.902596	-0.605685	0.981885	0.014823	-0.003158	-0.188871	1.000000	-0.500000	0.000000	0	0	3447.663330	12.330682	img__0_1545632046836088100.png
