TimeStamp	POS_X	POS_Y	POS_Z	Q_W	Q_X	Q_Y	Q_Z	Throttle	Steering	Brake	Gear	Handbrake	RPM	Speed	ImageFile
1546461729007	-17.216967	-0.785894	-0.594944	0.999876	-0.000601	-0.001977	0.015596	1.000000	0.000000	0.000000	3	0	2277.527832	13.003332	img__0_1546461729004298400.png
1546461729125	-16.351595	-0.758900	-0.595086	0.999877	-0.000430	-0.001467	0.015598	1.000000	0.000000	0.000000	3	0	2468.364746	13.048837	img__0_1546461729122815800.png
1546461729247	-15.482880	-0.731766	-0.595211	0.999878	-0.000296	-0.001014	0.015598	1.000000	0.000000	0.000000	3	0	2626.144531	13.115435	img__0_1546461729244199800.png
1546461729363	-14.609507	-0.704471	-0.595320	0.999878	-0.000196	-0.000620	0.015599	1.000000	0.500000	0.000000	3	0	2760.469238	13.195806	img__0_1546461729361269500.png
1546461729483	-13.731006	-0.670010	-0.595406	0.999831	-0.000613	-0.000314	0.018393	1.000000	0.500000	0.000000	3	0	2880.350098	13.278388	img__0_1546461729481133000.png
1546461729599	-12.847843	-0.618619	-0.595471	0.999640	-0.001799	-0.000109	0.026754	1.000000	0.500000	0.000000	3	0	2989.283203	13.357081	img__0_1546461729596050900.png
1546461729711	-11.961345	-0.541506	-0.595521	0.999139	-0.003717	-0.000032	0.041330	1.000000	0.500000	0.000000	3	0	3088.049072	13.433901	img__0_1546461729708394800.png
1546461729831	-11.072461	-0.434253	-0.595574	0.998171	-0.005946	-0.000037	0.060168	1.000000	0.500000	0.000000	3	0	3174.462891	13.520126	img__0_1546461729828708800.png
1546461729952	-10.182104	-0.294840	-0.595621	0.996699	-0.008146	-0.000158	0.080772	1.000000	0.500000	0.000000	3	0	3252.741211	13.608889	img__0_1546461729948904700.png
1546461730073	-9.291800	-0.120608	-0.595658	0.994721	-0.010201	-0.000394	0.102104	1.000000	0.500000	0.000000	0	0	3430.698730	13.699192	img__0_1546461730070456800.png
1546461730190	-8.404757	0.088920	-0.599078	0.992258	-0.011400	0.000706	0.123666	1.000000	0.500000	0.000000	0	0	3352.029541	13.648203	img__0_1546461730188237400.png
1546461730313	-7.531196	0.333683	-0.600869	0.989428	-0.013267	0.000492	0.144414	1.000000	0.500000	0.000000	0	0	3275.164307	13.602873	img__0_1546461730310652800.png
1546461730434	-6.671831	0.612869	-0.600859	0.986112	-0.014643	-0.000088	0.165433	1.000000	0.500000	0.000000	2	0	3178.606689	13.558638	img__0_1546461730432451500.png
1546461730555	-5.828376	0.926346	-0.608887	0.982374	-0.014763	-0.002415	0.186328	1.000000	0.500000	0.000000	2	0	3384.437744	13.570733	img__0_1546461730552161200.png
1546461730674	-4.994259	1.275438	-0.608432	0.977952	-0.015865	-0.002423	0.208215	1.000000	0.500000	0.000000	2	0	3568.273926	13.598242	img__0_1546461730672600300.png
1546461730797	-4.177415	1.662922	-0.611266	0.973162	-0.016563	-0.004078	0.229488	1.000000	0.500000	1.000000	2	0	3674.563477	13.600033	img__0_1546461730794220100.png
1546461730910	-3.377061	2.083954	-0.610355	0.967644	-0.017040	-0.004292	0.251706	1.000000	0.500000	1.000000	2	0	3694.307861	13.510826	img__0_1546461730908539900.png
1546461731027	-2.604680	2.537634	-0.610475	0.961642	-0.017332	-0.005275	0.273707	1.000000	0.500000	1.000000	2	0	3653.312500	13.327328	img__0_1546461731025596900.png
1546461731143	-1.864089	3.019332	-0.610436	0.954997	-0.017407	-0.006149	0.296042	1.000000	0.500000	1.000000	2	0	3612.919678	13.139677	img__0_1546461731141378800.png
1546461731260	-1.156963	3.528047	-0.610188	0.947796	-0.017444	-0.006932	0.318323	1.000000	0.500000	1.000000	2	0	3572.471191	12.954029	img__0_1546461731257921700.png
1546461731383	-0.484327	4.060503	-0.608381	0.940266	-0.016909	-0.008265	0.339921	1.000000	0.500000	1.000000	2	0	3531.713623	12.770246	img__0_1546461731380825200.png
1546461731504	0.153508	4.617648	-0.608564	0.932261	-0.016553	-0.008579	0.361305	1.000000	0.500000	1.000000	2	0	3491.392334	12.590330	img__0_1546461731500719500.png
1546461731618	0.754737	5.195709	-0.606959	0.923884	-0.016294	-0.009619	0.382204	1.000000	0.500000	1.000000	2	0	3450.134277	12.413933	img__0_1546461731615897500.png
1546461731733	1.322745	5.793252	-0.605764	0.914889	-0.016194	-0.009129	0.403277	1.000000	0.500000	1.000000	2	0	3410.502930	12.226118	img__0_1546461731732109300.png
1546461731851	1.852571	6.407244	-0.606072	0.905624	-0.015474	-0.009431	0.423695	1.000000	0.500000	0.000000	2	0	3466.156982	12.136384	img__0_1546461731849178200.png
1546461731978	2.351207	7.044866	-0.604898	0.896200	-0.015823	-0.008840	0.443280	1.000000	0.500000	0.000000	0	0	3677.407715	12.205358	img__0_1546461731976020600.png
1546461732094	2.820989	7.703955	-0.605166	0.886933	-0.015569	-0.009290	0.461542	1.000000	0.500000	0.000000	0	0	3593.080811	12.168833	img__0_1546461732092670600.png
1546461732223	3.261732	8.380441	-0.605252	0.877418	-0.015097	-0.009387	0.479397	1.000000	0.500000	0.000000	0	0	3510.687988	12.133685	img__0_1546461732219753000.png
1546461732352	3.672773	9.072863	-0.605321	0.867607	-0.014553	-0.009394	0.496949	1.000000	0.500000	0.000000	1	0	3498.119141	11.988484	img__0_1546461732348338600.png
1546461732469	4.071263	9.777296	-0.631417	0.858444	-0.009537	0.005142	0.512794	1.000000	0.500000	0.000000	1	0	3822.675781	11.846005	img__0_1546461732466125400.png
1546461732597	4.420686	10.484360	-0.630921	0.848341	-0.005058	0.008283	0.529361	1.000000	0.500000	0.000000	1	0	4133.477539	11.740422	img__0_1546461732593793300.png
1546461732729	4.733871	11.201147	-0.630621	0.837683	-0.003580	0.009377	0.546065	1.000000	0.500000	0.000000	1	0	4425.520996	11.653424	img__0_1546461732727060300.png
1546461732849	4.733871	11.201147	-0.630621	0.837683	-0.003580	0.009377	0.546065	1.000000	0.500000	0.000000	1	0	4425.520996	11.653424	img__0_1546461732847513400.png
