TimeStamp	POS_X	POS_Y	POS_Z	Q_W	Q_X	Q_Y	Q_Z	Throttle	Steering	Brake	Gear	Handbrake	RPM	Speed	ImageFile
1545631626933	0.097726	-121.954834	-0.608382	0.712052	-0.007621	-0.005924	0.702060	0.000000	0.000000	0.000000	0	0	3510.713867	8.607156	img__0_1545631626926719800.png
1545631627178	0.095074	-121.380165	-0.600580	0.707183	-0.005594	-0.005237	0.706989	1.000000	0.000000	0.000000	0	0	3430.209717	8.585140	img__0_1545631627172014200.png
1545631627421	0.093377	-120.806396	-0.600620	0.706009	-0.003566	-0.004510	0.708180	1.000000	0.000000	0.000000	1	0	3227.760742	8.528152	img__0_1545631627413905300.png
1545631627661	0.091092	-120.239227	-0.600516	0.705781	-0.001867	-0.003983	0.708417	1.000000	0.000000	0.000000	1	0	3509.283936	8.511759	img__0_1545631627657708900.png
1545631627906	0.088949	-119.672523	-0.600519	0.705881	-0.000756	-0.003317	0.708322	1.000000	0.000000	0.000000	1	0	3786.355225	8.491337	img__0_1545631627900165100.png
1545631628153	0.086972	-119.102188	-0.595135	0.706149	-0.001417	-0.001335	0.708060	1.000000	0.000000	0.000000	1	0	4076.590332	8.395453	img__0_1545631628144915200.png
1545631628395	0.084433	-118.538193	-0.595122	0.706384	-0.001305	-0.000546	0.707828	1.000000	0.000000	0.000000	1	0	4360.028809	8.334313	img__0_1545631628391030200.png
1545631628636	0.082631	-117.978035	-0.595261	0.706349	-0.001007	-0.000125	0.707863	1.000000	-0.500000	0.000000	1	0	4631.911621	8.344203	img__0_1545631628628766100.png
1545631628887	0.090034	-117.417496	-0.595365	0.708867	-0.000323	0.000579	0.705341	1.000000	-0.500000	0.000000	1	0	4885.807129	8.307097	img__0_1545631628877842700.png
1545631629126	0.107510	-116.858292	-0.595468	0.713285	0.000273	0.001289	0.700872	1.000000	0.000000	0.000000	1	0	5127.375977	8.368732	img__0_1545631629120274400.png
1545631629377	0.120104	-116.295319	-0.595544	0.714537	0.000176	0.001296	0.699596	1.000000	0.000000	0.000000	1	0	5356.363281	8.373580	img__0_1545631629373634500.png
1545631629617	0.131987	-115.731285	-0.595611	0.714562	-0.000020	0.001229	0.699571	1.000000	0.000000	0.000000	1	0	5579.348633	8.464217	img__0_1545631629611820000.png
1545631629871	0.144144	-115.161530	-0.595672	0.714555	-0.000227	0.001169	0.699578	1.000000	0.000000	0.000000	1	0	5786.647461	8.495454	img__0_1545631629867001700.png
1545631630116	0.156233	-114.588654	-0.595737	0.714389	-0.000456	0.001150	0.699748	1.000000	0.000000	0.000000	1	0	5982.096680	8.630469	img__0_1545631630110274000.png
1545631630365	0.168404	-114.007118	-0.595797	0.714347	-0.000667	0.001150	0.699790	1.000000	0.000000	0.000000	1	0	6157.614258	8.711304	img__0_1545631630361685400.png
1545631630609	0.180513	-113.418907	-0.595873	0.714212	-0.000903	0.001225	0.699928	1.000000	0.000000	0.000000	1	0	6314.964844	8.904918	img__0_1545631630603955100.png
1545631630857	0.192785	-112.818207	-0.595940	0.714202	-0.001103	0.001310	0.699937	1.000000	0.000000	0.000000	0	0	6365.285156	8.829877	img__0_1545631630854173500.png
1545631631104	0.204929	-112.221230	-0.595943	0.714212	-0.001126	0.001261	0.699928	1.000000	0.000000	0.000000	0	0	6219.322754	8.873204	img__0_1545631631100061900.png
1545631631351	0.217094	-111.622559	-0.595906	0.714258	-0.001040	0.001133	0.699880	1.000000	0.000000	0.000000	2	0	5687.072266	8.822162	img__0_1545631631344368900.png
1545631631595	0.229229	-111.025185	-0.595919	0.714232	-0.001071	0.001146	0.699907	1.000000	0.000000	0.000000	2	0	5649.522949	9.117551	img__0_1545631631591448000.png
1545631631842	0.241749	-110.408707	-0.596005	0.714248	-0.001279	0.001350	0.699891	1.000000	0.500000	0.000000	2	0	5605.103516	9.334616	img__0_1545631631838101700.png
1545631632092	0.246441	-109.777275	-0.596091	0.711915	-0.001908	0.001149	0.702262	1.000000	0.500000	0.000000	2	0	5571.628906	9.602838	img__0_1545631632086307300.png
1545631632338	0.240760	-109.128471	-0.596157	0.707395	-0.002608	0.000779	0.706813	1.000000	0.000000	0.000000	2	0	5535.643066	9.833012	img__0_1545631632334094900.png
1545631632578	0.238069	-108.464149	-0.596216	0.705686	-0.002725	0.000944	0.708519	1.000000	0.000000	0.000000	2	0	5502.351563	10.094934	img__0_1545631632575588700.png
1545631632822	0.235258	-107.782906	-0.596253	0.705281	-0.002702	0.001144	0.708921	1.000000	0.000000	0.000000	2	0	5472.279297	10.331511	img__0_1545631632817660200.png
1545631633075	0.231871	-107.085922	-0.596282	0.705185	-0.002636	0.001348	0.709017	1.000000	0.000000	0.000000	2	0	5446.568848	10.577515	img__0_1545631633069133200.png
1545631633319	0.228129	-106.372894	-0.596298	0.705167	-0.002534	0.001524	0.709035	1.000000	0.000000	0.000000	2	0	5424.827637	10.813060	img__0_1545631633315859000.png
1545631633570	0.224147	-105.639267	-0.603446	0.705149	-0.004988	0.004220	0.709029	1.000000	0.000000	0.000000	2	0	5446.316406	11.003330	img__0_1545631633564727200.png
1545631633815	0.220072	-104.899216	-0.601953	0.705151	-0.004177	0.003628	0.709035	1.000000	0.000000	0.000000	2	0	5443.600586	11.233150	img__0_1545631633809088300.png
1545631634064	0.215881	-104.143417	-0.601712	0.705148	-0.003881	0.003503	0.709041	1.000000	0.000000	0.000000	2	0	5427.940430	11.461901	img__0_1545631634058875100.png
1545631634318	0.212087	-103.376167	-0.609749	0.705118	-0.001271	0.001715	0.709087	1.000000	0.000000	0.000000	2	0	5416.592773	11.717282	img__0_1545631634310874000.png
1545631634560	0.207387	-102.588455	-0.607918	0.705098	-0.001547	0.002268	0.709105	1.000000	0.000000	0.000000	2	0	5411.103516	11.918764	img__0_1545631634556952000.png
1545631634806	0.202208	-101.787537	-0.606861	0.705065	-0.001607	0.002004	0.709137	1.000000	0.000000	0.000000	0	0	5476.291504	11.980578	img__0_1545631634802933200.png
1545631635052	0.198133	-100.985611	-0.607971	0.705030	-0.000690	0.001694	0.709175	1.000000	0.000000	0.000000	0	0	5350.714355	11.957560	img__0_1545631635044714700.png
1545631635286	0.193118	-100.183540	-0.607324	0.705053	-0.000578	0.001668	0.709153	1.000000	0.000000	0.000000	3	0	4827.917969	11.937131	img__0_1545631635283567400.png
1545631635541	0.187737	-99.379997	-0.606299	0.705081	-0.001148	0.001676	0.709124	1.000000	0.000000	0.000000	3	0	4731.334473	12.173987	img__0_1545631635538229200.png
1545631635784	0.182932	-98.561378	-0.606432	0.705044	-0.001390	0.001548	0.709160	1.000000	0.000000	0.000000	3	0	4637.209473	12.404419	img__0_1545631635775970800.png
1545631636034	0.178223	-97.727516	-0.606456	0.705042	-0.001566	0.001577	0.709162	1.000000	0.000000	0.000000	3	0	4551.288086	12.629648	img__0_1545631636028079700.png
1545631636274	0.173400	-96.878922	-0.606472	0.705044	-0.001676	0.001631	0.709160	1.000000	0.000000	0.000000	3	0	4474.109863	12.849143	img__0_1545631636269292100.png
1545631636509	0.168451	-96.015991	-0.606480	0.705044	-0.001737	0.001678	0.709160	1.000000	0.000000	0.000000	3	0	4405.540527	13.062772	img__0_1545631636506897600.png
1545631636742	0.163387	-95.139069	-0.606482	0.705041	-0.001764	0.001711	0.709162	1.000000	0.000000	0.000000	3	0	4345.270020	13.270714	img__0_1545631636740043900.png
1545631636984	0.158219	-94.248550	-0.606479	0.705037	-0.001768	0.001728	0.709166	1.000000	0.000000	0.000000	3	0	4292.910645	13.473188	img__0_1545631636977259200.png
1545631637227	0.152952	-93.344765	-0.606472	0.705032	-0.001757	0.001732	0.709171	1.000000	0.000000	0.000000	3	0	4248.029297	13.670463	img__0_1545631637223617000.png
1545631637474	0.147590	-92.428047	-0.606462	0.705026	-0.001737	0.001725	0.709177	1.000000	0.000000	0.000000	3	0	4210.162598	13.862820	img__0_1545631637471017000.png
1545631637721	0.142138	-91.498718	-0.606450	0.705019	-0.001711	0.001710	0.709184	1.000000	0.000000	0.000000	3	0	4178.830566	14.050565	img__0_1545631637715376000.png
1545631637964	0.136596	-90.557076	-0.606437	0.705013	-0.001682	0.001688	0.709190	1.000000	0.000000	0.000000	3	0	4153.543945	14.234000	img__0_1545631637957405300.png
1545631638203	0.130966	-89.603394	-0.606424	0.705007	-0.001650	0.001663	0.709197	1.000000	0.000000	0.000000	3	0	4133.818359	14.413439	img__0_1545631638200161900.png
1545631638448	0.125249	-88.637909	-0.606411	0.705001	-0.001618	0.001634	0.709203	1.000000	0.000000	0.000000	3	0	4119.179688	14.589183	img__0_1545631638441147100.png
1545631638687	0.119747	-87.660194	-0.607417	0.704991	-0.001790	0.002128	0.709211	1.000000	0.000000	0.000000	3	0	4111.554199	14.758138	img__0_1545631638683456400.png
1545631638931	0.113794	-86.672417	-0.606942	0.704974	-0.001415	0.002032	0.709229	1.000000	0.000000	0.000000	3	0	4105.891602	14.928303	img__0_1545631638925407300.png
1545631639165	0.107262	-85.673477	-0.606273	0.704944	-0.001340	0.001644	0.709260	1.000000	0.000000	0.000000	3	0	4102.666992	15.094943	img__0_1545631639159046500.png
1545631639404	0.101462	-84.663406	-0.607125	0.704967	-0.000907	0.001792	0.709237	1.000000	0.500000	0.000000	3	0	4105.517578	15.256637	img__0_1545631639399479800.png
1545631639655	0.087936	-83.642410	-0.606451	0.703096	-0.001506	0.001402	0.711092	1.000000	0.000000	0.000000	3	0	4113.102051	15.413627	img__0_1545631639651842100.png
1545631639896	0.073230	-82.611191	-0.606300	0.701591	-0.001803	0.001071	0.712577	1.000000	0.000000	0.000000	3	0	4119.702637	15.573561	img__0_1545631639884938900.png
1545631640134	0.057783	-81.569481	-0.606291	0.701000	-0.001897	0.000928	0.713158	0.000000	0.000000	0.000000	3	0	3766.792236	15.727592	img__0_1545631640129465000.png
1545631640364	0.040847	-80.518112	-0.606273	0.700780	-0.001880	0.000824	0.713374	0.000000	0.000000	0.000000	0	0	3405.358887	15.847822	img__0_1545631640357942600.png
1545631640618	0.022908	-79.463150	-0.606127	0.700704	-0.001480	0.000464	0.713451	0.000000	0.000000	0.000000	0	0	3327.270752	15.829442	img__0_1545631640615452500.png
1545631640860	0.004184	-78.408585	-0.606771	0.700690	-0.001580	0.000319	0.713464	0.000000	0.000000	0.000000	0	0	3250.973145	15.812675	img__0_1545631640855633500.png
1545631641115	-0.014778	-77.355133	-0.607138	0.700689	-0.001699	0.000056	0.713465	0.000000	0.000000	0.000000	2	0	2883.925537	15.770596	img__0_1545631641109500300.png
1545631641351	-0.033711	-76.304901	-0.607695	0.700666	-0.001559	-0.000458	0.713488	0.000000	0.000000	0.000000	2	0	2592.534180	15.708647	img__0_1545631641345185400.png
1545631641596	-0.052351	-75.260376	-0.606652	0.700657	-0.000768	-0.001451	0.713497	0.000000	0.000000	0.000000	2	0	2366.271729	15.616408	img__0_1545631641593043000.png
1545631641841	-0.069021	-74.220879	-0.606886	0.701186	-0.000434	-0.001296	0.712977	0.000000	-0.500000	0.000000	2	0	2187.315430	15.500674	img__0_1545631641834892700.png
1545631642084	-0.077184	-73.192566	-0.598381	0.703763	0.002417	-0.002530	0.710426	0.000000	0.000000	0.000000	2	0	2040.955322	15.377278	img__0_1545631642080071000.png
1545631642324	-0.086382	-72.168694	-0.599929	0.704889	0.002554	-0.001805	0.709311	0.000000	0.000000	0.000000	2	0	1932.563721	15.233504	img__0_1545631642320100700.png
1545631642572	-0.094529	-71.150497	-0.593194	0.705430	0.000221	0.000853	0.708779	0.000000	0.000000	0.000000	2	0	1848.043091	15.075839	img__0_1545631642566141300.png
1545631642804	-0.100981	-70.148872	-0.594537	0.705688	0.001034	0.000203	0.708522	0.000000	0.000000	0.000000	2	0	1779.226318	14.912416	img__0_1545631642798502500.png
1545631643039	-0.106121	-69.157166	-0.594692	0.705796	0.001297	-0.000057	0.708414	1.000000	0.000000	0.000000	2	0	1864.243896	14.747737	img__0_1545631643036019400.png
1545631643273	-0.110429	-68.175774	-0.594788	0.705839	0.001340	-0.000205	0.708371	0.000000	0.000000	0.000000	2	0	1801.115356	14.593063	img__0_1545631643268191700.png
1545631643503	-0.114270	-67.204620	-0.594860	0.705857	0.001318	-0.000349	0.708353	0.000000	0.000000	0.000000	2	0	1736.093628	14.432166	img__0_1545631643498803600.png
1545631643743	-0.117837	-66.244125	-0.594914	0.705867	0.001275	-0.000490	0.708343	0.000000	0.000000	0.000000	2	0	1683.369629	14.266664	img__0_1545631643736408600.png
1545631643968	-0.121233	-65.294579	-0.594953	0.705875	0.001229	-0.000617	0.708336	0.000000	0.000000	0.000000	2	0	1640.114624	14.097960	img__0_1545631643963488500.png
1545631644197	-0.124515	-64.356171	-0.594982	0.705881	0.001188	-0.000723	0.708329	1.000000	0.000000	0.000000	0	0	1636.048462	13.927174	img__0_1545631644189674100.png
1545631644430	-0.127737	-63.423351	-0.595171	0.705885	0.000725	-0.000379	0.708326	1.000000	0.000000	0.000000	0	0	1598.532227	13.920988	img__0_1545631644421495000.png
1545631644652	-0.130934	-62.491543	-0.595281	0.705887	0.000461	-0.000206	0.708325	1.000000	0.000000	0.000000	0	0	1561.876221	13.907638	img__0_1545631644649692500.png
1545631644883	-0.134121	-61.560741	-0.595362	0.705887	0.000272	-0.000084	0.708324	1.000000	0.000000	0.000000	1	0	1719.615479	13.803850	img__0_1545631644874431900.png
1545631645109	-0.137252	-60.644745	-0.595156	0.705892	0.000806	-0.000663	0.708319	1.000000	0.000000	0.000000	1	0	2164.880371	13.518117	img__0_1545631645105953200.png
1545631645334	-0.140316	-59.746643	-0.595057	0.705899	0.001065	-0.000955	0.708311	1.000000	0.000000	0.000000	1	0	2587.556641	13.262521	img__0_1545631645330421400.png
1545631645566	-0.143312	-58.864616	-0.595015	0.705907	0.001181	-0.001092	0.708302	1.000000	0.000000	0.000000	1	0	2987.774902	13.038773	img__0_1545631645557495300.png
1545631645794	-0.146248	-57.996609	-0.595009	0.705914	0.001201	-0.001126	0.708295	1.000000	0.000000	0.000000	1	0	3368.248291	12.843523	img__0_1545631645789803500.png
1545631646015	-0.149138	-57.137581	-0.600167	0.705921	-0.000174	0.000236	0.708291	1.000000	0.000000	0.000000	1	0	3713.440674	12.707116	img__0_1545631646007376100.png
1545631646234	-0.151980	-56.289711	-0.600467	0.705925	-0.000533	0.000589	0.708286	1.000000	0.000000	0.000000	1	0	4048.517578	12.578424	img__0_1545631646230093800.png
1545631646467	-0.154828	-55.450024	-0.600516	0.705912	-0.000728	0.000784	0.708299	1.000000	0.000000	0.000000	1	0	4363.066895	12.478609	img__0_1545631646455823100.png
1545631646680	-0.157672	-54.619194	-0.605935	0.705901	0.000416	-0.000366	0.708311	1.000000	0.000000	0.000000	1	0	4656.917969	12.438153	img__0_1545631646673332200.png
1545631646899	-0.160500	-53.789211	-0.606039	0.705896	0.000571	-0.000524	0.708315	1.000000	0.000000	0.000000	1	0	4932.919434	12.388118	img__0_1545631646895764800.png
1545631647119	-0.163414	-52.960728	-0.606322	0.705894	0.000262	-0.000322	0.708317	1.000000	0.000000	0.000000	1	0	5191.519531	12.371147	img__0_1545631647116861900.png
1545631647351	-0.166166	-52.132988	-0.606130	0.705905	0.000106	-0.000267	0.708307	1.000000	0.000000	0.000000	1	0	5434.778809	12.382852	img__0_1545631647340362400.png
1545631647553	-0.168791	-51.304043	-0.605969	0.705909	0.000027	-0.000055	0.708302	1.000000	0.000000	0.000000	1	0	5665.364746	12.413087	img__0_1545631647547930500.png
1545631647771	-0.171746	-50.473080	-0.606416	0.705899	-0.000059	-0.000137	0.708312	1.000000	0.000000	0.000000	0	0	5902.911133	12.460205	img__0_1545631647768041900.png
1545631648016	-0.174376	-49.641129	-0.605967	0.705864	-0.000122	-0.000061	0.708347	1.000000	0.000000	0.000000	0	0	5767.551270	12.456117	img__0_1545631647993244900.png
1545631648215	-0.177094	-48.810184	-0.605850	0.705862	-0.000021	-0.000018	0.708349	1.000000	0.000000	0.000000	0	0	5635.295898	12.448967	img__0_1545631648209184700.png
1545631648433	-0.179989	-47.980057	-0.605817	0.705869	0.000026	-0.000014	0.708342	1.000000	0.000000	0.000000	2	0	5224.964355	12.485731	img__0_1545631648426209200.png
1545631648649	-0.183187	-47.140083	-0.606836	0.705885	-0.000955	0.000653	0.708325	1.000000	0.000000	0.000000	2	0	5240.952148	12.684341	img__0_1545631648646738200.png
1545631648864	-0.186313	-46.287502	-0.607433	0.705898	-0.001676	0.000880	0.708311	1.000000	0.000000	0.000000	2	0	5259.239746	12.884364	img__0_1545631648856238600.png
1545631649086	-0.189158	-45.422234	-0.607435	0.705886	-0.001990	0.000954	0.708322	1.000000	0.000000	0.000000	2	0	5278.278320	13.083073	img__0_1545631649080500100.png
1545631649296	-0.192472	-44.544525	-0.608451	0.705859	-0.002185	0.000458	0.708349	1.000000	0.000000	0.000000	2	0	5299.239746	13.280454	img__0_1545631649290182300.png
1545631649521	-0.195341	-43.654026	-0.607831	0.705836	-0.002108	0.000017	0.708372	1.000000	0.000000	0.000000	2	0	5322.842285	13.477098	img__0_1545631649518564400.png
1545631649723	-0.197958	-42.750000	-0.607488	0.705845	-0.001932	0.000242	0.708364	1.000000	0.000000	0.000000	2	0	5347.054199	13.669766	img__0_1545631649720067300.png
1545631649947	-0.201146	-41.833241	-0.607490	0.705865	-0.001897	0.000370	0.708344	1.000000	0.000000	0.000000	2	0	5373.137695	13.864753	img__0_1545631649937300300.png
1545631650157	-0.203763	-40.902683	-0.606035	0.705883	-0.002090	0.001316	0.708324	1.000000	0.000000	0.000000	2	0	5401.503418	14.053645	img__0_1545631650153979400.png
1545631650369	-0.206958	-39.960903	-0.606300	0.705924	-0.001679	0.001531	0.708284	1.000000	0.000000	0.000000	2	0	5430.507324	14.240986	img__0_1545631650365746100.png
1545631650583	-0.210435	-39.006615	-0.606327	0.705928	-0.001534	0.001638	0.708280	1.000000	0.000000	0.000000	2	0	5460.659180	14.427009	img__0_1545631650578796900.png
1545631650805	-0.213893	-38.040039	-0.606341	0.705918	-0.001483	0.001681	0.708290	1.000000	0.000000	0.000000	2	0	5491.967773	14.611525	img__0_1545631650799952800.png
1545631651024	-0.217327	-37.061298	-0.606351	0.705906	-0.001470	0.001686	0.708302	0.000000	0.000000	0.000000	2	0	5073.811035	14.791532	img__0_1545631651019348600.png
1545631651235	-0.220761	-36.071087	-0.606344	0.705895	-0.001440	0.001639	0.708314	0.000000	0.000000	0.000000	2	0	4316.546875	14.943420	img__0_1545631651231059100.png
1545631651456	-0.224211	-35.071785	-0.606306	0.705886	-0.001343	0.001512	0.708323	0.000000	0.000000	0.000000	2	0	3696.120605	15.046192	img__0_1545631651451827200.png
1545631651670	-0.227680	-34.066776	-0.606239	0.705881	-0.001177	0.001316	0.708329	0.000000	0.000000	0.000000	0	0	3611.364746	15.034760	img__0_1545631651667413800.png
1545631651884	-0.231149	-33.062759	-0.606153	0.705879	-0.000964	0.001074	0.708331	0.000000	0.000000	0.000000	0	0	3528.552490	15.021255	img__0_1545631651881084600.png
1545631652099	-0.234618	-32.059620	-0.606080	0.705878	-0.000783	0.000872	0.708332	0.000000	0.000000	0.000000	1	0	3307.127686	15.007113	img__0_1545631652095488800.png
1545631652312	-0.238067	-31.062572	-0.605869	0.705880	-0.000255	0.000329	0.708331	0.000000	0.000000	0.000000	1	0	3013.693604	14.792437	img__0_1545631652304419400.png
1545631652518	-0.241465	-30.079882	-0.605700	0.705885	0.000172	-0.000107	0.708326	0.000000	0.000000	0.000000	1	0	2762.897705	14.563226	img__0_1545631652514740000.png
1545631652733	-0.244800	-29.112490	-0.605562	0.705892	0.000521	-0.000462	0.708319	0.000000	0.000000	0.000000	1	0	2548.568115	14.321001	img__0_1545631652728849300.png
1545631652943	-0.248065	-28.161215	-0.605450	0.705899	0.000805	-0.000749	0.708311	0.000000	0.000000	0.000000	1	0	2365.182861	14.068139	img__0_1545631652936383300.png
1545631653154	-0.251257	-27.226719	-0.605358	0.705907	0.001036	-0.000981	0.708303	0.000000	0.000000	0.000000	1	0	2208.076172	13.806620	img__0_1545631653150967700.png
1545631653365	-0.254370	-26.309540	-0.605285	0.705915	0.001223	-0.001168	0.708295	0.000000	0.000000	0.000000	1	0	2073.295166	13.538122	img__0_1545631653359701000.png
1545631653584	-0.257404	-25.410120	-0.605225	0.705923	0.001374	-0.001318	0.708286	0.000000	0.000000	0.000000	1	0	1957.484985	13.264106	img__0_1545631653578308700.png
1545631653785	-0.260356	-24.528805	-0.605177	0.705932	0.001495	-0.001438	0.708277	0.000000	0.000000	0.000000	1	0	1857.795532	12.985845	img__0_1545631653782420100.png
1545631653998	-0.263225	-23.665878	-0.605139	0.705940	0.001591	-0.001533	0.708268	0.000000	0.000000	0.000000	1	0	1771.801514	12.704413	img__0_1545631653995373200.png
1545631654200	-0.266013	-22.821508	-0.605110	0.705948	0.001665	-0.001606	0.708259	1.000000	0.000000	0.000000	1	0	1842.669434	12.424076	img__0_1545631654197069800.png
1545631654410	-0.268720	-21.995449	-0.605094	0.705957	0.001704	-0.001645	0.708251	1.000000	0.000000	0.000000	1	0	2110.152588	12.155775	img__0_1545631654407101100.png
1545631654611	-0.271416	-21.186447	-0.605369	0.705963	0.001548	-0.001576	0.708245	1.000000	0.000000	0.000000	1	0	2525.269287	11.913972	img__0_1545631654604668900.png
1545631654817	-0.274047	-20.392738	-0.605589	0.705988	0.001310	-0.001586	0.708221	1.000000	0.000000	0.000000	1	0	2915.586426	11.710525	img__0_1545631654814623500.png
1545631655019	-0.276203	-19.612141	-0.605107	0.706015	0.001420	-0.001540	0.708193	1.000000	0.000000	0.000000	1	0	3282.479980	11.541682	img__0_1545631655014009600.png
1545631655218	-0.278662	-18.841850	-0.605539	0.706026	0.001335	-0.001467	0.708183	1.000000	0.000000	0.000000	1	0	3625.681396	11.408335	img__0_1545631655215182200.png
1545631655420	-0.281135	-18.079571	-0.605787	0.706016	0.001019	-0.001421	0.708194	1.000000	0.000000	0.000000	1	0	3946.156982	11.312654	img__0_1545631655415664400.png
1545631655618	-0.283090	-17.322693	-0.605334	0.706026	0.000752	-0.000935	0.708185	1.000000	0.000000	0.000000	1	0	4244.823730	11.247837	img__0_1545631655615985400.png
1545631655824	-0.285364	-16.569866	-0.605476	0.706092	0.000633	-0.000660	0.708120	1.000000	0.000000	0.000000	1	0	4524.258789	11.213790	img__0_1545631655816976800.png
1545631656026	-0.287719	-15.818998	-0.605709	0.706162	0.000401	-0.000409	0.708050	0.000000	0.000000	0.000000	1	0	4376.119141	11.182932	img__0_1545631656022634400.png
1545631656227	-0.290283	-15.070190	-0.606640	0.706171	-0.000204	-0.000244	0.708042	0.000000	0.000000	0.000000	1	0	3872.175293	11.131638	img__0_1545631656217485400.png
1545631656419	-0.292525	-14.325933	-0.606822	0.706136	-0.000486	-0.000395	0.708076	0.000000	0.000000	0.000000	1	0	3443.776855	11.051021	img__0_1545631656416676100.png
1545631656615	-0.292270	-13.587775	-0.606827	0.706725	-0.000412	-0.000389	0.707488	0.000000	-0.500000	0.000000	1	0	3082.622803	10.933743	img__0_1545631656603617800.png
1545631656806	-0.279656	-12.858801	-0.607679	0.710705	0.000297	-0.000429	0.703490	0.000000	-0.500000	0.000000	1	0	2778.779785	10.781059	img__0_1545631656803652000.png
1545631657010	-0.246333	-12.140886	-0.607910	0.719010	0.001309	0.000144	0.694999	0.000000	-0.500000	0.000000	1	0	2519.984375	10.603337	img__0_1545631657003090100.png
1545631657211	-0.186479	-11.437732	-0.606488	0.731009	0.003540	0.001052	0.682357	0.000000	-0.500000	0.000000	1	0	2305.082275	10.400447	img__0_1545631657206661600.png
1545631657422	-0.101193	-10.750178	-0.606580	0.744539	0.005256	0.002356	0.667554	0.000000	-0.500000	0.000000	1	0	2122.323975	10.189878	img__0_1545631657414583800.png
1545631657609	0.009064	-10.080945	-0.606542	0.758257	0.006765	0.003285	0.651912	0.000000	-0.500000	0.000000	1	0	1967.507568	9.964854	img__0_1545631657603349900.png
1545631657805	0.144607	-9.430957	-0.604980	0.771857	0.007838	0.004777	0.635730	0.000000	-0.500000	0.000000	1	0	1835.255981	9.733212	img__0_1545631657801883500.png
1545631658007	0.304253	-8.803908	-0.605223	0.785034	0.009354	0.005289	0.619359	0.000000	-0.500000	0.000000	1	0	1722.623413	9.491482	img__0_1545631657999212400.png
1545631658197	0.486751	-8.199636	-0.605216	0.797775	0.010331	0.005539	0.602841	0.000000	-0.500000	0.000000	1	0	1626.040649	9.237741	img__0_1545631658191517000.png
1545631658384	0.691402	-7.619004	-0.607070	0.810630	0.010341	0.006194	0.585435	0.000000	-0.500000	0.000000	1	0	1529.778687	9.018538	img__0_1545631658381026900.png
1545631658569	0.916407	-7.062400	-0.607315	0.822719	0.010844	0.006228	0.568311	0.000000	-0.500000	0.000000	1	0	1433.877563	8.817943	img__0_1545631658565898900.png
1545631658757	1.160088	-6.528005	-0.607437	0.834011	0.011001	0.006100	0.551604	0.000000	-0.500000	0.000000	1	0	1344.092285	8.627589	img__0_1545631658753426000.png
1545631658948	1.420501	-6.015800	-0.607683	0.844783	0.010972	0.005704	0.534967	0.000000	-0.500000	0.000000	1	0	1269.505127	8.423934	img__0_1545631658939838600.png
1545631659126	1.695045	-5.526704	-0.608404	0.855188	0.010528	0.004885	0.518188	0.000000	-0.500000	0.000000	1	0	1200.613159	8.243100	img__0_1545631659118973500.png
1545631659303	1.983864	-5.060883	-0.609750	0.865431	0.010953	0.004280	0.500890	1.000000	-0.500000	0.000000	1	0	1267.330566	8.072042	img__0_1545631659299563600.png
1545631659484	2.285953	-4.616342	-0.609808	0.875031	0.010990	0.003889	0.483927	1.000000	-0.500000	0.000000	1	0	1510.441040	7.845017	img__0_1545631659480171800.png
1545631659665	2.598543	-4.195991	-0.609797	0.884489	0.010820	0.003590	0.466421	1.000000	-0.500000	0.000000	1	0	1882.480103	7.720830	img__0_1545631659662278700.png
1545631659846	2.923662	-3.795548	-0.609761	0.893368	0.010612	0.003361	0.449189	1.000000	-0.500000	0.000000	1	0	2242.278809	7.527417	img__0_1545631659843286000.png
1545631660016	3.257079	-3.417800	-0.609599	0.902126	0.010337	0.003042	0.431338	1.000000	-0.500000	0.000000	1	0	2589.342773	7.464060	img__0_1545631660012919800.png
1545631660187	3.602734	-3.057573	-0.609501	0.910253	0.010076	0.002802	0.413920	1.000000	-0.500000	0.000000	1	0	2918.178711	7.294134	img__0_1545631660183816900.png
1545631660360	3.957372	-2.719036	-0.609323	0.918508	0.009851	0.002659	0.395271	1.000000	-0.500000	0.000000	1	0	3230.195068	7.278029	img__0_1545631660350786900.png
1545631660520	4.323610	-2.397017	-0.609294	0.926031	0.009743	0.002478	0.377315	1.000000	-0.500000	0.000000	1	0	3551.611816	7.104437	img__0_1545631660516957500.png
1545631660690	4.694634	-2.095692	-0.609373	0.933462	0.009457	0.002473	0.358542	1.000000	-0.500000	0.000000	1	0	3848.666992	7.168015	img__0_1545631660685630000.png
1545631660861	5.078772	-1.810250	-0.609468	0.940492	0.009295	0.002385	0.339680	1.000000	-0.500000	0.000000	1	0	4114.843262	7.136396	img__0_1545631660857104700.png
1545631661020	5.470573	-1.542825	-0.608349	0.947136	0.008813	0.001701	0.320708	1.000000	-0.500000	0.000000	1	0	4389.402344	7.133315	img__0_1545631661016208900.png
1545631661189	5.876533	-1.291210	-0.608175	0.953448	0.008509	0.001839	0.301432	1.000000	-0.500000	0.000000	1	0	4654.831543	7.088355	img__0_1545631661184079900.png
1545631661350	6.288735	-1.059203	-0.607078	0.959500	0.009107	0.001413	0.281558	1.000000	-0.500000	0.000000	1	0	4899.769531	7.140159	img__0_1545631661347227600.png
1545631661513	6.713318	-0.842214	-0.607266	0.965178	0.009309	0.001271	0.261426	1.000000	-0.500000	0.000000	0	0	4973.375000	7.109140	img__0_1545631661509482900.png
1545631661677	7.142631	-0.644158	-0.607580	0.970270	0.009320	0.000768	0.241842	1.000000	-0.500000	0.000000	0	0	4859.330566	7.150440	img__0_1545631661668160900.png
1545631661837	7.583179	-0.460187	-0.604131	0.974952	0.007518	-0.000115	0.222289	1.000000	-0.500000	0.000000	2	0	4421.959961	7.042695	img__0_1545631661833254500.png
1545631661999	8.028625	-0.298546	-0.599206	0.979153	0.008031	-0.000968	0.202963	1.000000	-0.500000	0.000000	2	0	4482.264160	7.213486	img__0_1545631661996170000.png
1545631662160	8.496696	-0.151042	-0.600377	0.983421	0.008849	0.000124	0.181123	1.000000	-0.500000	0.000000	2	0	4457.818359	7.470523	img__0_1545631662155067800.png
1545631662315	8.986474	-0.017274	-0.600722	0.987088	0.009275	0.000701	0.159909	1.000000	-0.500000	0.000000	2	0	4437.913086	7.648818	img__0_1545631662310942100.png
1545631662479	9.493279	0.099346	-0.600932	0.990452	0.009539	0.000959	0.137526	1.000000	-0.500000	0.000000	2	0	4424.380371	7.977963	img__0_1545631662475217600.png
1545631662639	10.024906	0.200730	-0.594850	0.993326	0.008827	0.003357	0.114958	1.000000	-0.500000	0.000000	2	0	4412.662109	8.211898	img__0_1545631662627568600.png
1545631662784	10.572000	0.277949	-0.595516	0.995667	0.009671	0.003032	0.092441	1.000000	-0.500000	0.000000	2	0	4403.650391	8.455457	img__0_1545631662780377000.png
1545631662938	11.136058	0.334396	-0.595637	0.997510	0.010215	0.002686	0.069726	1.000000	-0.500000	0.000000	2	0	4397.662598	8.673506	img__0_1545631662932734100.png
1545631663083	11.717821	0.367838	-0.595782	0.998824	0.010676	0.002605	0.047218	1.000000	-0.500000	0.000000	2	0	4398.053711	8.900429	img__0_1545631663079999200.png
1545631663232	12.314243	0.376849	-0.595849	0.999636	0.011076	0.002324	0.024484	1.000000	-0.500000	0.000000	2	0	4401.308594	9.111624	img__0_1545631663229091900.png
1545631663376	12.925282	0.360099	-0.595934	0.999930	0.011456	0.002153	0.001852	1.000000	-0.500000	0.000000	2	0	4409.525391	9.326571	img__0_1545631663373580800.png
1545631663526	13.548512	0.316438	-0.595970	0.999711	0.011805	0.001850	-0.020860	1.000000	-0.500000	0.000000	2	0	4420.622070	9.530873	img__0_1545631663517871100.png
1545631663667	14.183125	0.244723	-0.596014	0.998979	0.012142	0.001594	-0.043476	1.000000	-0.500000	0.000000	2	0	4435.591797	9.735188	img__0_1545631663663957900.png
1545631663800	14.828423	0.148154	-0.596044	0.997856	0.012125	0.001395	-0.064301	1.000000	0.000000	0.000000	2	0	4450.281250	9.959336	img__0_1545631663797969600.png
1545631663945	15.487968	0.048157	-0.596051	0.997158	0.010559	0.001413	-0.074577	1.000000	0.000000	0.000000	2	0	4469.245605	10.167746	img__0_1545631663940088000.png
1545631664088	16.161934	-0.050936	-0.596071	0.997059	0.008325	0.001585	-0.076167	1.000000	0.500000	0.000000	2	0	4489.155273	10.366047	img__0_1545631664082667500.png
1545631664226	16.850567	-0.140541	-0.596076	0.997496	0.005484	0.001818	-0.070492	1.000000	0.500000	0.000000	2	0	4516.225586	10.551252	img__0_1545631664219786500.png
1545631664363	17.553606	-0.210974	-0.596069	0.998319	0.002157	0.002019	-0.057889	1.000000	0.000000	0.000000	2	0	4542.168945	10.742916	img__0_1545631664359850700.png
1545631664500	18.270628	-0.273848	-0.596090	0.998892	-0.000039	0.002192	-0.047017	1.000000	0.000000	0.000000	2	0	4568.332031	10.944172	img__0_1545631664497782500.png
1545631664645	19.000620	-0.340511	-0.596095	0.999051	-0.000867	0.002241	-0.043490	1.000000	0.000000	0.000000	2	0	4591.431641	11.146568	img__0_1545631664641809400.png
1545631664779	19.744253	-0.404146	-0.596094	0.999127	-0.001409	0.002254	-0.041697	1.000000	0.500000	0.000000	2	0	4620.148926	11.338679	img__0_1545631664777427700.png
1545631664919	20.501324	-0.460283	-0.596089	0.999267	-0.001900	0.002254	-0.038171	1.000000	0.000000	0.000000	2	0	4648.004395	11.535762	img__0_1545631664915535400.png
1545631665060	21.271441	-0.518712	-0.596090	0.999306	-0.001764	0.002247	-0.037144	1.000000	0.000000	0.000000	2	0	4676.293945	11.732210	img__0_1545631665057826500.png
1545631665204	22.054638	-0.577137	-0.596090	0.999317	-0.001507	0.002231	-0.036858	1.000000	0.000000	0.000000	2	0	4706.327148	11.926442	img__0_1545631665196163600.png
1545631665342	22.850769	-0.635865	-0.596089	0.999320	-0.001206	0.002211	-0.036776	1.000000	0.000000	0.000000	2	0	4738.016113	12.118676	img__0_1545631665334575300.png
1545631665483	23.659676	-0.695199	-0.596088	0.999322	-0.000911	0.002190	-0.036747	1.000000	0.000000	0.000000	2	0	4771.211426	12.309038	img__0_1545631665479694600.png
1545631665633	24.481218	-0.755299	-0.596086	0.999323	-0.000651	0.002169	-0.036730	1.000000	0.000000	0.000000	2	0	4805.771973	12.497640	img__0_1545631665625151300.png
1545631665764	25.315281	-0.816239	-0.596084	0.999323	-0.000439	0.002148	-0.036713	1.000000	0.500000	0.000000	2	0	4842.692383	12.682567	img__0_1545631665760919800.png
1545631665906	26.161917	-0.871298	-0.596073	0.999420	-0.000748	0.002123	-0.033993	1.000000	0.500000	0.000000	2	0	4885.378418	12.855586	img__0_1545631665899404900.png
1545631666036	27.020742	-0.910732	-0.596055	0.999664	-0.001840	0.002083	-0.025777	1.000000	0.500000	0.000000	0	0	4959.221191	12.885411	img__0_1545631666032822200.png
1545631666176	27.880148	-0.930464	-0.595933	0.999902	-0.003284	0.001647	-0.013512	1.000000	0.000000	0.000000	0	0	4845.501465	12.865380	img__0_1545631666173647500.png
1545631666324	28.738865	-0.947596	-0.595846	0.999969	-0.003602	0.001334	-0.006916	1.000000	0.000000	0.000000	3	0	4379.305664	12.846964	img__0_1545631666313505400.png
1545631666461	29.599096	-0.961631	-0.595850	0.999982	-0.003498	0.001338	-0.004769	1.000000	0.000000	0.000000	3	0	4319.608887	13.060722	img__0_1545631666457057200.png
1545631666593	30.473463	-0.972086	-0.595893	0.999985	-0.003202	0.001490	-0.004144	1.000000	0.000000	0.000000	3	0	4263.623047	13.265049	img__0_1545631666590278400.png
1545631666732	31.361307	-0.980598	-0.595938	0.999987	-0.002737	0.001643	-0.003988	1.000000	0.000000	0.000000	3	0	4215.653809	13.463359	img__0_1545631666728052500.png
1545631666871	32.262230	-0.988187	-0.595973	0.999988	-0.002201	0.001763	-0.003960	1.000000	0.000000	0.000000	3	0	4175.156250	13.656340	img__0_1545631666865747500.png
1545631667021	33.175892	-0.995372	-0.595999	0.999989	-0.001682	0.001848	-0.003958	1.000000	0.000000	0.000000	3	0	4141.577148	13.844458	img__0_1545631667011630400.png
1545631667158	34.101978	-1.002416	-0.596017	0.999990	-0.001231	0.001902	-0.003953	1.000000	0.000000	0.000000	3	0	4114.382813	14.028078	img__0_1545631667149690100.png
1545631667292	35.040211	-1.009443	-0.596027	0.999990	-0.000868	0.001934	-0.003943	1.000000	0.000000	0.000000	3	0	4093.049072	14.207539	img__0_1545631667287038500.png
1545631667432	35.990318	-1.016518	-0.596033	0.999990	-0.000591	0.001948	-0.003927	1.000000	0.000000	0.000000	3	0	4077.067627	14.383170	img__0_1545631667426007800.png
1545631667559	36.952053	-1.023667	-0.596034	0.999990	-0.000387	0.001950	-0.003908	1.000000	0.000000	0.000000	3	0	4065.949707	14.555272	img__0_1545631667556402700.png
1545631667703	37.925198	-1.030900	-0.596033	0.999990	-0.000243	0.001944	-0.003889	1.000000	0.000000	0.000000	3	0	4059.231689	14.724143	img__0_1545631667695802300.png
1545631667836	38.909538	-1.038218	-0.596030	0.999991	-0.000144	0.001932	-0.003869	1.000000	0.000000	0.000000	3	0	4056.479004	14.890067	img__0_1545631667828445800.png
1545631667981	39.904896	-1.045620	-0.596025	0.999991	-0.000078	0.001917	-0.003849	1.000000	0.000000	0.000000	3	0	4057.285645	15.053311	img__0_1545631667973389600.png
1545631668112	40.911087	-1.053099	-0.596021	0.999991	-0.000035	0.001899	-0.003831	1.000000	0.000000	0.000000	3	0	4061.275879	15.214109	img__0_1545631668108824600.png
1545631668241	41.927959	-1.060654	-0.596016	0.999991	-0.000007	0.001880	-0.003812	1.000000	0.000000	0.000000	3	0	4068.106445	15.372687	img__0_1545631668238521200.png
1545631668375	42.955360	-1.068279	-0.596011	0.999991	0.000009	0.001861	-0.003795	1.000000	0.000000	0.000000	3	0	4077.462158	15.529244	img__0_1545631668371968800.png
1545631668515	43.993179	-1.075970	-0.596005	0.999991	0.000019	0.001842	-0.003778	1.000000	0.000000	0.000000	3	0	4089.058350	15.683979	img__0_1545631668507695100.png
1545631668654	45.041279	-1.083726	-0.596000	0.999991	0.000025	0.001824	-0.003761	1.000000	0.000000	0.000000	3	0	4102.639160	15.837054	img__0_1545631668641276400.png
1545631668782	46.099564	-1.091540	-0.595995	0.999991	0.000028	0.001807	-0.003745	1.000000	0.000000	0.000000	3	0	4117.973145	15.988622	img__0_1545631668776579300.png
1545631668908	47.167873	-1.097582	-0.595988	0.999994	-0.000116	0.001784	-0.002974	1.000000	0.500000	0.000000	3	0	4138.682129	16.132465	img__0_1545631668904312800.png
1545631669043	48.245850	-1.096423	-0.595982	0.999998	-0.000574	0.001765	0.000282	1.000000	0.000000	0.000000	3	0	4157.222168	16.281446	img__0_1545631669031577100.png
1545631669160	49.333748	-1.095675	-0.595978	0.999997	-0.000689	0.001752	0.001643	1.000000	0.000000	0.000000	3	0	4176.173340	16.429522	img__0_1545631669156710400.png
1545631669294	50.431499	-1.093269	-0.595975	0.999996	-0.000757	0.001741	0.002186	1.000000	0.000000	0.000000	3	0	4196.213379	16.576569	img__0_1545631669291446300.png
1545631669428	51.538975	-1.091337	-0.595970	0.999997	-0.000617	0.001725	0.001639	1.000000	-0.500000	0.000000	3	0	4220.771973	16.716757	img__0_1545631669419051900.png
1545631669555	52.655476	-1.101119	-0.595960	0.999992	0.000324	0.001680	-0.003710	1.000000	0.000000	0.000000	3	0	4246.793457	16.855120	img__0_1545631669546460600.png
1545631669681	53.781433	-1.116301	-0.595965	0.999960	0.000980	0.001680	-0.008728	1.000000	0.000000	0.000000	3	0	4269.090332	16.999262	img__0_1545631669676327100.png
1545631669806	54.916977	-1.133922	-0.595966	0.999939	0.001333	0.001675	-0.010863	1.000000	0.000000	0.000000	3	0	4291.436523	17.143152	img__0_1545631669802177200.png
1545631669939	56.066982	-1.155601	-0.603090	0.999916	0.001606	0.005267	-0.011738	1.000000	0.000000	0.000000	3	0	4338.041992	17.262207	img__0_1545631669932345600.png
1545631670070	57.219135	-1.179726	-0.601608	0.999918	0.001630	0.004320	-0.011966	1.000000	0.000000	0.000000	3	0	4359.844238	17.407675	img__0_1545631670056715100.png
1545631670188	58.377937	-1.206178	-0.609786	0.999925	0.001875	0.001240	-0.012009	1.000000	0.000000	0.000000	3	0	4380.834961	17.554193	img__0_1545631670181863300.png
1545631670326	59.551167	-1.231710	-0.608111	0.999932	0.001859	0.001888	-0.011345	1.000000	0.500000	0.000000	3	0	4407.781738	17.690022	img__0_1545631670314635200.png
1545631670447	60.731159	-1.250199	-0.608205	0.999967	0.001409	0.000758	-0.008015	1.000000	0.000000	0.000000	3	0	4430.714355	17.833561	img__0_1545631670444110800.png
1545631670571	61.922470	-1.269055	-0.607745	0.999978	0.001131	0.000976	-0.006428	1.000000	0.000000	0.000000	3	0	4454.067383	17.975264	img__0_1545631670564829400.png
1545631670695	63.123802	-1.285540	-0.606544	0.999982	0.000418	0.001599	-0.005740	1.000000	0.000000	0.000000	3	0	4478.061523	18.115767	img__0_1545631670692496000.png
1545631670828	64.333763	-1.300763	-0.606361	0.999984	-0.000242	0.001636	-0.005461	1.000000	0.000000	0.000000	3	0	4501.953613	18.255894	img__0_1545631670823145000.png
1545631670951	65.553040	-1.315476	-0.606325	0.999984	-0.000504	0.001641	-0.005355	1.000000	0.000000	0.000000	3	0	4526.269043	18.395454	img__0_1545631670946588100.png
1545631671075	66.781624	-1.329659	-0.606299	0.999984	-0.000568	0.001643	-0.005325	0.000000	0.000000	0.000000	3	0	4417.198730	18.534512	img__0_1545631671065442500.png
1545631671193	68.019333	-1.343492	-0.606274	0.999984	-0.000530	0.001628	-0.005323	0.000000	0.000000	0.000000	3	0	3841.892822	18.657608	img__0_1545631671189993700.png
1545631671318	69.264381	-1.357116	-0.606280	0.999985	-0.000434	0.001490	-0.005338	0.000000	0.000000	0.000000	0	0	3501.989502	18.733063	img__0_1545631671313505800.png
1545631671441	70.511642	-1.370565	-0.606102	0.999985	-0.000350	0.001098	-0.005354	0.000000	0.000000	0.000000	0	0	3421.685547	18.708574	img__0_1545631671435044100.png
1545631671564	71.757774	-1.383958	-0.606019	0.999985	-0.000261	0.000838	-0.005361	0.000000	0.000000	0.000000	0	0	3343.222900	18.687496	img__0_1545631671556936000.png
1545631671680	73.002739	-1.397308	-0.605958	0.999985	-0.000183	0.000640	-0.005364	0.000000	0.000000	0.000000	2	0	3001.447510	18.629633	img__0_1545631671675946300.png
1545631671803	74.243546	-1.411070	-0.607415	0.999985	0.000231	0.001065	-0.005370	0.000000	0.000000	0.000000	2	0	2736.674072	18.524710	img__0_1545631671796573000.png
1545631671925	75.475670	-1.424416	-0.606995	0.999985	0.000607	0.000522	-0.005383	0.000000	0.000000	0.000000	2	0	2527.265869	18.395964	img__0_1545631671920190900.png
1545631672042	76.697647	-1.437755	-0.607694	0.999985	0.001050	-0.000973	-0.005379	0.000000	0.000000	0.000000	2	0	2360.029785	18.251108	img__0_1545631672032704000.png
1545631672163	77.911240	-1.450384	-0.606676	0.999984	0.001150	-0.001323	-0.005349	-1.000000	0.000000	0.000000	-1	0	2001.210205	17.927378	img__0_1545631672159903000.png
1545631672275	79.097420	-1.462463	-0.605731	0.999983	0.000900	-0.001991	-0.005336	-1.000000	0.000000	0.000000	-1	0	1868.735229	17.448603	img__0_1545631672270916700.png
1545631672390	80.251900	-1.474154	-0.604896	0.999982	0.000363	-0.002532	-0.005376	-1.000000	0.000000	0.000000	-1	0	1899.000610	16.970396	img__0_1545631672386917000.png
1545631672508	81.374313	-1.486174	-0.604809	0.999980	0.000086	-0.003194	-0.005404	-1.000000	0.000000	0.000000	-1	0	1927.491455	16.490137	img__0_1545631672498817200.png
1545631672621	82.464996	-1.498138	-0.604900	0.999979	0.000028	-0.003585	-0.005429	-1.000000	0.000000	0.000000	-1	0	1954.699585	16.008749	img__0_1545631672613040200.png
1545631672731	83.523552	-1.509640	-0.604554	0.999977	-0.000010	-0.004084	-0.005397	-1.000000	0.000000	0.000000	-1	0	1979.164551	15.523138	img__0_1545631672726888700.png
1545631672846	84.549911	-1.520792	-0.604590	0.999976	-0.000027	-0.004402	-0.005429	-1.000000	0.000000	0.000000	-1	0	2002.492310	15.036197	img__0_1545631672840414700.png
1545631672962	85.544060	-1.531597	-0.604368	0.999975	0.000027	-0.004503	-0.005470	-1.000000	0.000000	0.000000	-1	0	2024.277710	14.547552	img__0_1545631672956051400.png
1545631673076	86.505318	-1.542036	-0.604402	0.999973	-0.000013	-0.004776	-0.005510	0.000000	0.000000	0.000000	0	0	2145.774902	14.401169	img__0_1545631673069408500.png
1545631673184	87.465935	-1.552595	-0.604779	0.999979	-0.000009	-0.003483	-0.005522	0.000000	0.000000	0.000000	0	0	2096.571777	14.390311	img__0_1545631673178320300.png
1545631673299	88.422791	-1.563149	-0.599865	0.999975	-0.000010	-0.004429	-0.005525	0.000000	0.000000	0.000000	0	0	2048.495117	14.372448	img__0_1545631673294164300.png
1545631673413	89.380180	-1.573723	-0.599800	0.999976	-0.000004	-0.004229	-0.005525	0.000000	0.000000	0.000000	0	0	2001.521118	14.360653	img__0_1545631673406932900.png
1545631673524	90.341637	-1.584342	-0.593075	0.999985	0.000021	-0.000288	-0.005526	0.000000	0.000000	0.000000	0	0	1955.624146	14.345018	img__0_1545631673519886300.png
1545631673635	91.296196	-1.594890	-0.594539	0.999984	0.000021	-0.000871	-0.005526	0.000000	0.000000	0.000000	0	0	1910.779785	14.329840	img__0_1545631673630201500.png
1545631673756	92.728004	-1.610714	-0.594891	0.999984	0.000025	-0.000677	-0.005531	1.000000	0.000000	0.000000	0	0	2045.964966	14.289989	img__0_1545631673744789700.png
1545631673898	93.681229	-1.621252	-0.595043	0.999985	0.000027	-0.000490	-0.005531	1.000000	0.000000	0.000000	0	0	2303.417725	14.277056	img__0_1545631673894133600.png
1545631674010	94.633408	-1.631780	-0.595152	0.999985	0.000028	-0.000368	-0.005532	1.000000	0.000000	0.000000	0	0	2592.214355	14.264782	img__0_1545631674006594500.png
1545631674123	95.584595	-1.642297	-0.595233	0.999985	0.000029	-0.000285	-0.005532	1.000000	0.000000	0.000000	0	0	2703.971436	14.252811	img__0_1545631674118098800.png
1545631674234	96.534805	-1.652805	-0.595292	0.999985	0.000030	-0.000229	-0.005532	1.000000	0.000000	0.000000	0	0	2641.966797	14.240764	img__0_1545631674228064700.png
1545631674346	97.484070	-1.663304	-0.595336	0.999985	0.000030	-0.000189	-0.005531	1.000000	0.000000	0.000000	1	0	2492.711182	14.228420	img__0_1545631674340274900.png
1545631674458	98.426178	-1.673723	-0.595187	0.999984	0.000026	-0.000815	-0.005533	1.000000	0.000000	0.000000	1	0	2905.047607	13.986942	img__0_1545631674454848800.png
1545631674568	99.352936	-1.683980	-0.595094	0.999984	0.000024	-0.001216	-0.005541	1.000000	0.000000	0.000000	1	0	3295.513672	13.778828	img__0_1545631674564007600.png
1545631674683	100.266373	-1.694098	-0.595042	0.999984	0.000024	-0.001453	-0.005549	1.000000	0.000000	0.000000	1	0	3664.810059	13.601574	img__0_1545631674674248300.png
1545631674794	101.168526	-1.704104	-0.595023	0.999983	0.000024	-0.001563	-0.005556	0.000000	0.000000	0.000000	1	0	3639.885010	13.449573	img__0_1545631674788472600.png
1545631674905	102.060478	-1.714011	-0.595010	0.999983	0.000024	-0.001639	-0.005563	0.000000	0.000000	0.000000	1	0	3280.558105	13.288423	img__0_1545631674897928400.png
1545631675011	102.941124	-1.723804	-0.594983	0.999983	0.000024	-0.001759	-0.005570	-1.000000	0.000000	0.000000	-1	0	2825.223877	12.925901	img__0_1545631675008030900.png
1545631675122	103.793610	-1.733296	-0.601707	0.999984	0.000037	0.000538	-0.005586	-1.000000	0.000000	0.000000	-1	0	2707.308838	12.552098	img__0_1545631675117578700.png
1545631675243	105.016388	-1.746964	-0.600015	0.999984	0.000031	-0.000826	-0.005613	-1.000000	0.000000	0.000000	-1	0	2683.538818	11.659581	img__0_1545631675234954000.png
1545631675404	106.152069	-1.760403	-0.607626	0.999969	0.000568	-0.005251	-0.005758	-1.000000	0.000000	0.000000	-1	0	2680.968994	10.946577	img__0_1545631675388590000.png
1545631675557	106.874527	-1.769344	-0.606291	0.999967	0.000814	-0.004360	-0.006737	-1.000000	0.000000	0.000000	-1	0	2706.703125	10.499749	img__0_1545631675554291100.png
1545631675664	107.562775	-1.778995	-0.605986	0.999957	0.000967	-0.004595	-0.007995	0.000000	0.000000	0.000000	0	0	2816.910889	10.392997	img__0_1545631675660635600.png
1545631675779	108.250633	-1.790300	-0.607388	0.999956	0.001785	-0.003855	-0.008310	0.000000	0.500000	0.000000	0	0	2752.317627	10.395449	img__0_1545631675771071500.png
1545631675887	108.937393	-1.793501	-0.607194	0.999979	0.001482	-0.003418	-0.005325	0.000000	0.500000	0.000000	0	0	2689.204346	10.378474	img__0_1545631675882097500.png
1545631675993	109.622368	-1.779395	-0.606429	0.999988	-0.000065	-0.003267	0.003538	0.000000	0.500000	0.000000	0	0	2627.538330	10.341579	img__0_1545631675989354800.png
1545631676109	110.304756	-1.740804	-0.606392	0.999815	-0.002261	-0.002903	0.018869	0.000000	0.000000	0.000000	0	0	2567.285889	10.326530	img__0_1545631676100192400.png
1545631676224	111.330788	-1.665483	-0.606392	0.999342	-0.003510	-0.000526	0.036110	1.000000	0.000000	0.000000	0	0	2684.995850	10.112461	img__0_1545631676215226100.png
1545631676334	111.665039	-1.641258	-0.605561	0.999278	-0.003522	-0.001986	0.037780	1.000000	0.000000	0.000000	0	0	2792.884277	10.315161	img__0_1545631676328182700.png
1545631676442	112.343727	-1.591107	-0.605272	0.999233	-0.003446	-0.001753	0.038975	1.000000	0.000000	0.000000	0	0	3076.738525	10.303144	img__0_1545631676438180100.png
1545631676556	113.021698	-1.539320	-0.605317	0.999222	-0.003003	-0.001549	0.039286	1.000000	0.000000	0.000000	0	0	3180.484863	10.295694	img__0_1545631676552498800.png
1545631676672	114.043060	-1.459541	-0.605887	0.999221	-0.002208	0.000493	0.039406	1.000000	0.000000	0.000000	0	0	3071.716797	10.069815	img__0_1545631676662071900.png
1545631676775	114.375145	-1.433383	-0.605412	0.999221	-0.001851	-0.001295	0.039407	1.000000	0.000000	0.000000	1	0	2869.451172	10.276201	img__0_1545631676771807200.png
1545631676888	115.052246	-1.379852	-0.605440	0.999220	-0.001353	-0.001082	0.039439	1.000000	0.000000	0.000000	1	0	3216.502197	10.143611	img__0_1545631676880786300.png
1545631676988	115.721176	-1.326891	-0.605528	0.999221	-0.000964	-0.001028	0.039439	1.000000	0.000000	0.000000	1	0	3537.863281	10.057196	img__0_1545631676985205800.png
1545631677103	116.718765	-1.244932	-0.606995	0.999182	-0.001291	0.000466	0.040420	1.000000	0.500000	0.000000	1	0	3976.281494	9.871751	img__0_1545631677094816400.png
1545631677211	117.044975	-1.213368	-0.606715	0.999080	-0.001642	-0.000549	0.042860	1.000000	0.500000	0.000000	1	0	4112.327148	9.970668	img__0_1545631677207450900.png
1545631677324	117.700340	-1.136152	-0.605522	0.998636	-0.002611	-0.001133	0.052132	1.000000	0.500000	0.000000	1	0	4380.165039	9.935276	img__0_1545631677320821500.png
1545631677438	118.349968	-1.033124	-0.606140	0.997669	-0.004326	-0.001577	0.068082	1.000000	0.500000	0.000000	1	0	4643.884277	9.897063	img__0_1545631677435604500.png
1545631677545	118.993065	-0.903461	-0.606833	0.996086	-0.006608	-0.002008	0.088118	1.000000	0.500000	0.000000	1	0	4899.501953	9.881053	img__0_1545631677539275700.png
1545631677666	119.949127	-0.661548	-0.606050	0.992715	-0.009101	-0.000969	0.120139	1.000000	0.500000	0.000000	1	0	5266.961914	9.787173	img__0_1545631677659502400.png
1545631677818	120.575211	-0.466079	-0.605777	0.989861	-0.009993	-0.001179	0.141683	1.000000	0.500000	0.000000	1	0	5496.904785	9.792683	img__0_1545631677811439900.png
1545631677932	121.192833	-0.242417	-0.605806	0.986479	-0.010870	-0.001413	0.163519	1.000000	0.500000	0.000000	1	0	5715.050781	9.831567	img__0_1545631677927217000.png
1545631678045	121.803520	0.010060	-0.608178	0.982607	-0.011653	-0.000638	0.185327	1.000000	0.500000	0.000000	1	0	5925.840332	9.877708	img__0_1545631678039029400.png
1545631678158	122.404793	0.288870	-0.607774	0.978308	-0.012217	-0.001070	0.206793	1.000000	0.500000	0.000000	1	0	6116.382813	9.959818	img__0_1545631678154656300.png
1545631678275	122.998497	0.596916	-0.607800	0.973476	-0.012719	-0.001289	0.228431	1.000000	0.500000	0.000000	0	0	6329.640137	10.064424	img__0_1545631678265853300.png
1545631678380	123.579399	0.930275	-0.609237	0.968227	-0.012415	-0.002462	0.249751	1.000000	0.500000	0.000000	0	0	6184.494629	10.047205	img__0_1545631678374894900.png
1545631678501	124.144157	1.288465	-0.610102	0.962483	-0.012736	-0.003169	0.271023	1.000000	0.500000	0.000000	0	0	6042.678223	10.024202	img__0_1545631678495256500.png
1545631678609	124.691879	1.670115	-0.609857	0.956343	-0.012906	-0.003596	0.291940	1.000000	0.500000	0.000000	2	0	5574.290039	10.031145	img__0_1545631678605177200.png
1545631678724	125.228729	2.081732	-0.610344	0.949592	-0.013264	-0.003269	0.313191	1.000000	0.500000	0.000000	2	0	5552.466797	10.250114	img__0_1545631678720788100.png
1545631678837	125.758179	2.525039	-0.610768	0.942387	-0.013421	-0.003277	0.334240	1.000000	0.500000	0.000000	2	0	5534.706543	10.472919	img__0_1545631678832027000.png
1545631678953	126.534294	3.246922	-0.610631	0.930909	-0.013178	-0.004147	0.364989	1.000000	0.500000	0.000000	2	0	5510.176758	10.891258	img__0_1545631678943204300.png
1545631679064	126.790123	3.505625	-0.610489	0.926797	-0.013531	-0.003634	0.375302	1.000000	0.500000	0.000000	2	0	5511.379395	10.901674	img__0_1545631679059496600.png
1545631679179	127.288940	4.040672	-0.608153	0.918562	-0.013236	-0.004815	0.395026	1.000000	0.500000	0.000000	2	0	5499.914551	11.113587	img__0_1545631679175972400.png
1545631679308	128.010773	4.901113	-0.608337	0.905393	-0.012979	-0.005576	0.424340	1.000000	0.500000	0.000000	2	0	5489.464844	11.507209	img__0_1545631679295313400.png
1545631679470	128.474075	5.513533	-0.607307	0.896128	-0.013470	-0.005440	0.443558	1.000000	0.500000	0.000000	2	0	5490.356934	11.704273	img__0_1545631679463140900.png
1545631679601	129.137985	6.483971	-0.603601	0.881829	-0.012276	-0.004953	0.471383	1.000000	0.500000	0.000000	2	0	5548.858398	11.871888	img__0_1545631679591019300.png
1545631679772	129.554184	7.161859	-0.600965	0.872592	-0.012245	-0.006464	0.488254	1.000000	0.500000	0.000000	2	0	5567.226074	12.053504	img__0_1545631679764886100.png
1545631679898	129.952011	7.865406	-0.600880	0.862949	-0.012179	-0.007054	0.505095	1.000000	0.500000	0.000000	2	0	5577.539063	12.248506	img__0_1545631679892443700.png
1545631680034	130.331253	8.594710	-0.598199	0.852551	-0.011167	-0.005854	0.522492	1.000000	0.500000	0.000000	2	0	5583.927734	12.437710	img__0_1545631680023705100.png
1545631680159	130.683334	9.351599	-0.595505	0.841290	-0.012634	-0.005827	0.540405	1.000000	0.500000	0.000000	0	0	5717.956543	12.619089	img__0_1545631680150226400.png
1545631680287	131.007477	10.127882	-0.595437	0.829917	-0.013026	-0.006675	0.557695	1.000000	0.500000	0.000000	0	0	5586.837891	12.583642	img__0_1545631680277834000.png
1545631680419	131.298645	10.914302	-0.595449	0.818121	-0.013119	-0.007556	0.574846	1.000000	0.500000	0.000000	0	0	5458.726074	12.546091	img__0_1545631680414654000.png
1545631680556	131.556290	11.709818	-0.595451	0.805956	-0.013088	-0.008324	0.591772	1.000000	0.500000	0.000000	3	0	4887.855469	12.625646	img__0_1545631680548626700.png
1545631680692	131.783234	12.525212	-0.595633	0.793455	-0.013396	-0.008461	0.608423	1.000000	0.500000	0.000000	3	0	4808.252441	12.818391	img__0_1545631680687115600.png
1545631680826	131.991486	13.377930	-0.623646	0.780426	-0.017377	0.006141	0.624977	1.000000	0.500000	0.000000	3	0	4787.007813	12.959644	img__0_1545631680822780600.png
1545631680966	132.165543	14.226142	-0.621908	0.768439	-0.009739	0.009181	0.639784	1.000000	0.500000	0.000000	3	0	4748.340820	13.132430	img__0_1545631680959996500.png
1545631681108	132.300705	15.095363	-0.621191	0.755825	-0.007362	0.010332	0.654651	1.000000	0.500000	0.000000	3	0	4705.181152	13.296210	img__0_1545631681100622800.png
1545631681248	132.418777	15.968250	-0.646374	0.741166	0.009796	0.014417	0.671096	1.000000	0.500000	0.000000	3	0	4692.477051	13.449090	img__0_1545631681240634900.png
1545631681390	132.490707	16.864916	-0.646340	0.726422	0.014895	0.016956	0.686878	1.000000	0.500000	0.000000	3	0	4654.957520	13.618597	img__0_1545631681384153500.png
1545631681550	132.519073	18.236702	-0.645164	0.704133	0.015629	0.017351	0.709684	1.000000	0.500000	0.000000	3	0	4583.079590	13.899481	img__0_1545631681523529700.png
1545631681746	132.486572	19.166145	-0.644808	0.688420	0.014459	0.017167	0.724964	1.000000	0.500000	0.000000	3	0	4545.453613	14.055285	img__0_1545631681737792000.png
1545631681893	132.414169	20.103621	-0.644536	0.672267	0.013284	0.016786	0.739999	1.000000	0.500000	0.000000	3	0	4514.300781	14.204677	img__0_1545631681890029800.png
1545631682048	132.301056	21.047022	-0.644327	0.655692	0.012214	0.016387	0.754752	1.000000	0.500000	0.000000	3	0	4489.006836	14.348265	img__0_1545631682044426300.png
1545631682209	132.143021	21.970755	-0.611784	0.639441	0.019150	-0.000053	0.768602	1.000000	0.000000	0.000000	3	0	4466.199219	14.513827	img__0_1545631682196026100.png
1545631682354	131.956436	22.929516	-0.623528	0.626336	0.010201	-0.001296	0.779485	1.000000	0.000000	0.000000	3	0	4462.306641	14.658755	img__0_1545631682351374900.png
1545631682510	131.752884	23.894901	-0.619140	0.621607	0.003719	-0.000007	0.783320	1.000000	0.000000	0.000000	3	0	4455.699219	14.788583	img__0_1545631682507728700.png
1545631682669	131.520020	24.861786	-0.604305	0.620578	-0.009066	-0.009757	0.784031	1.000000	0.000000	0.000000	3	0	4436.079590	14.999291	img__0_1545631682664709900.png
1545631682825	131.301895	25.840433	-0.605305	0.620039	-0.011747	-0.010779	0.784409	1.000000	0.000000	0.000000	3	0	4436.871094	15.158353	img__0_1545631682822493900.png
1545631682985	131.078888	26.827019	-0.607737	0.619823	-0.010825	-0.009997	0.784603	1.000000	0.000000	0.000000	3	0	4428.232910	15.324220	img__0_1545631682977706800.png
1545631683139	130.848495	27.824232	-0.608247	0.619900	-0.009598	-0.008177	0.784579	1.000000	0.000000	0.000000	3	0	4411.259766	15.496080	img__0_1545631683136038900.png
1545631683309	130.613022	28.830690	-0.607175	0.620098	-0.007069	-0.006382	0.784466	1.000000	0.000000	0.000000	3	0	4394.479980	15.668429	img__0_1545631683303674400.png
1545631683456	130.372070	29.848494	-0.606936	0.620254	-0.005474	-0.004916	0.784367	1.000000	0.000000	0.000000	3	0	4379.354004	15.838054	img__0_1545631683452519400.png
1545631683618	130.130203	30.878839	-0.606190	0.620913	-0.004245	-0.002586	0.783864	1.000000	-0.500000	0.000000	3	0	4374.075684	15.997587	img__0_1545631683609327400.png
1545631683769	129.896835	31.922323	-0.605760	0.625173	-0.003395	-0.000243	0.780479	1.000000	-0.500000	0.000000	3	0	4379.087402	16.138529	img__0_1545631683766815600.png
1545631683932	129.679611	32.978218	-0.606615	0.632840	-0.001717	0.001925	0.774278	1.000000	0.000000	0.000000	3	0	4380.416504	16.294439	img__0_1545631683926548300.png
1545631684088	129.463074	34.043896	-0.606205	0.636909	-0.000342	0.002383	0.770935	1.000000	0.000000	0.000000	3	0	4379.141113	16.452868	img__0_1545631684081386300.png
1545631684237	129.252579	35.121834	-0.607326	0.639115	0.000915	0.003076	0.769104	1.000000	-0.500000	0.000000	3	0	4385.861328	16.601017	img__0_1545631684227891100.png
1545631684386	129.055832	36.213486	-0.606117	0.643822	0.001173	0.004110	0.765163	1.000000	-0.500000	0.000000	3	0	4403.761719	16.731903	img__0_1545631684383561500.png
1545631684545	128.883530	37.317047	-0.605950	0.652867	0.002103	0.005092	0.757452	1.000000	-0.500000	0.000000	3	0	4430.105957	16.841665	img__0_1545631684540857300.png
1545631684698	128.741577	38.429375	-0.602443	0.665820	0.004361	0.004651	0.746085	1.000000	-0.500000	0.000000	3	0	4468.193359	16.942081	img__0_1545631684692209700.png
1545631684847	128.635773	39.555164	-0.600716	0.680573	0.006573	0.006291	0.732624	1.000000	0.000000	0.000000	3	0	4476.888184	17.076553	img__0_1545631684838732200.png
1545631684989	128.545883	40.694817	-0.597269	0.691128	0.005350	0.007357	0.722675	1.000000	0.000000	0.000000	3	0	4485.031738	17.217171	img__0_1545631684985680500.png
1545631685137	128.475998	41.843861	-0.595308	0.696090	0.005746	0.008311	0.717884	1.000000	0.000000	0.000000	3	0	4493.204102	17.367342	img__0_1545631685128611200.png
1545631685271	128.422302	43.003159	-0.595400	0.698275	0.005759	0.008413	0.715757	0.000000	0.000000	0.000000	3	0	4121.913086	17.512716	img__0_1545631685268110500.png
1545631685422	128.380417	44.172031	-0.595526	0.699113	0.005350	0.007928	0.714947	0.000000	0.000000	0.000000	3	0	3478.712646	17.627201	img__0_1545631685413532700.png
1545631685559	128.346008	45.347694	-0.595588	0.699393	0.004670	0.006988	0.714688	0.000000	0.000000	0.000000	0	0	3398.942139	17.630201	img__0_1545631685555790200.png
1545631685695	128.316132	46.522556	-0.595573	0.699503	0.003943	0.005741	0.714595	-1.000000	0.000000	0.000000	-1	0	2958.233398	17.395401	img__0_1545631685691095900.png
1545631685839	128.289078	47.670853	-0.595158	0.699484	0.004163	0.003510	0.714628	-1.000000	0.000000	0.000000	-1	0	2760.589111	16.876245	img__0_1545631685836372800.png
1545631685977	128.264069	48.785557	-0.594875	0.699490	0.004104	0.001750	0.714629	-1.000000	0.000000	0.000000	-1	0	2761.798828	16.363028	img__0_1545631685970487500.png
1545631686120	128.240585	49.866405	-0.594657	0.699512	0.003998	0.000341	0.714609	0.000000	0.000000	0.000000	0	0	2871.095215	16.188745	img__0_1545631686114895500.png
1545631686253	128.217606	50.945213	-0.594898	0.699518	0.002857	0.000265	0.714609	1.000000	0.000000	0.000000	0	0	3025.624268	16.171900	img__0_1545631686249688000.png
1545631686402	128.194824	52.022568	-0.595043	0.699521	0.002076	0.000118	0.714609	1.000000	0.000000	0.000000	0	0	3295.384521	16.155521	img__0_1545631686390029200.png
1545631686530	128.172119	53.098690	-0.595145	0.699523	0.001515	-0.000006	0.714609	1.000000	0.000000	0.000000	0	0	3574.167969	16.139511	img__0_1545631686523947000.png
1545631686660	128.149414	54.173653	-0.595219	0.699524	0.001108	-0.000092	0.714608	1.000000	0.000000	0.000000	0	0	3850.137207	16.124687	img__0_1545631686656926900.png
1545631686800	128.126694	55.249763	-0.600364	0.699528	-0.000442	0.001091	0.714604	1.000000	0.000000	0.000000	0	0	4123.320313	16.112711	img__0_1545631686789808700.png
1545631686936	128.104218	56.323566	-0.601537	0.699533	-0.001104	0.001778	0.714597	1.000000	-0.500000	0.000000	0	0	4393.745605	16.095209	img__0_1545631686928032200.png
1545631687070	128.088440	57.392757	-0.606557	0.701546	0.000602	0.000860	0.712623	0.000000	-0.500000	0.000000	0	0	4476.044434	16.065804	img__0_1545631687065804700.png
1545631687204	128.084320	58.462162	-0.606501	0.705983	0.001520	0.000927	0.708227	0.000000	0.000000	0.000000	0	0	4373.405762	16.048561	img__0_1545631687196580300.png
1545631687334	128.081223	59.531338	-0.606674	0.708160	0.001867	0.001276	0.706048	0.000000	0.000000	0.000000	0	0	4273.119141	16.031982	img__0_1545631687324965500.png
1545631687460	128.080902	60.599773	-0.605961	0.709063	0.001582	0.001317	0.705143	1.000000	0.000000	0.000000	0	0	4211.688965	16.016487	img__0_1545631687453949500.png
1545631687602	128.084229	61.666828	-0.605944	0.709415	0.001478	0.001194	0.704789	1.000000	0.000000	0.000000	0	0	4297.455566	16.001337	img__0_1545631687596222100.png
1545631687727	128.089630	62.732876	-0.605893	0.709553	0.001326	0.001063	0.704650	1.000000	0.000000	0.000000	0	0	4529.265625	15.986457	img__0_1545631687722708200.png
1545631687863	128.096115	63.797874	-0.605853	0.709608	0.001134	0.000893	0.704596	1.000000	0.000000	0.000000	0	0	4795.593750	15.971695	img__0_1545631687858006100.png
1545631687990	128.103195	64.861832	-0.605823	0.709629	0.000932	0.000707	0.704574	1.000000	0.000000	0.000000	0	0	5059.234375	15.957002	img__0_1545631687985633800.png
1545631688129	128.110596	65.924736	-0.605799	0.709638	0.000744	0.000530	0.704566	1.000000	0.000000	0.000000	0	0	5130.210449	15.942350	img__0_1545631688123432100.png
1545631688252	128.118149	66.986618	-0.605781	0.709641	0.000584	0.000375	0.704563	1.000000	0.000000	0.000000	0	0	5012.569336	15.927732	img__0_1545631688249059100.png
1545631688388	128.125778	68.047462	-0.605766	0.709643	0.000455	0.000248	0.704562	1.000000	0.000000	0.000000	1	0	4659.959961	15.913132	img__0_1545631688384606000.png
1545631688523	128.133423	69.105270	-0.605696	0.709644	0.000506	-0.000001	0.704560	1.000000	0.000000	0.000000	1	0	4987.098633	15.781592	img__0_1545631688515293400.png
1545631688652	128.141037	70.154831	-0.605642	0.709647	0.000547	-0.000190	0.704557	1.000000	0.000000	0.000000	1	0	5296.740723	15.676672	img__0_1545631688644702100.png
1545631688775	128.148590	71.197868	-0.605612	0.709651	0.000553	-0.000302	0.704554	1.000000	0.000000	0.000000	1	0	5589.972656	15.595687	img__0_1545631688771824800.png
1545631688912	128.156113	72.235962	-0.605604	0.709653	0.000524	-0.000346	0.704551	1.000000	0.000000	0.000000	1	0	5867.469238	15.537700	img__0_1545631688906166400.png
1545631689046	128.163605	73.270599	-0.605613	0.709655	0.000466	-0.000338	0.704549	1.000000	0.000000	0.000000	1	0	6129.980957	15.501588	img__0_1545631689042716400.png
1545631689174	128.171097	74.303192	-0.605635	0.709656	0.000388	-0.000293	0.704548	1.000000	0.000000	0.000000	1	0	6378.319336	15.486101	img__0_1545631689167803400.png
1545631689313	128.182297	75.851395	-0.605719	0.709656	0.000154	-0.000086	0.704548	0.000000	0.000000	0.000000	1	0	5715.649414	15.450564	img__0_1545631689307056500.png
1545631689500	128.189743	76.881142	-0.605709	0.709657	0.000169	-0.000112	0.704548	-1.000000	0.000000	0.000000	-1	0	5028.286621	15.147810	img__0_1545631689492492200.png
1545631689625	128.196960	77.879150	-0.605264	0.709663	0.001289	-0.001248	0.704539	-1.000000	0.000000	0.000000	-1	0	4690.026367	14.543114	img__0_1545631689622463400.png
1545631689759	128.203918	78.837906	-0.604956	0.709677	0.002062	-0.002029	0.704521	1.000000	0.000000	0.000000	0	0	4792.714844	14.342263	img__0_1545631689754249400.png
1545631689891	128.210892	79.795212	-0.605222	0.709689	0.001394	-0.001355	0.704512	1.000000	0.000000	0.000000	0	0	5031.376465	14.329082	img__0_1545631689887098500.png
1545631690022	128.217880	80.751007	-0.605364	0.709693	0.001031	-0.000987	0.704509	1.000000	0.000000	0.000000	0	0	5292.658203	14.314756	img__0_1545631690018098100.png
1545631690154	128.224854	81.705788	-0.605736	0.709713	0.000647	-0.000692	0.704490	1.000000	0.000000	0.000000	0	0	5551.346680	14.299214	img__0_1545631690149775100.png
1545631690282	128.231537	82.659706	-0.606726	0.709737	-0.000108	-0.000609	0.704467	1.000000	0.000000	0.000000	0	0	5807.467773	14.285509	img__0_1545631690274938900.png
1545631690414	128.238754	83.612160	-0.606843	0.709737	-0.000396	-0.000623	0.704467	1.000000	0.000000	0.000000	0	0	6061.046387	14.270505	img__0_1545631690407545400.png
1545631690539	128.245987	84.561676	-0.606630	0.709695	0.000351	-0.001678	0.704507	1.000000	0.000000	0.000000	0	0	5922.060547	14.257165	img__0_1545631690536706300.png
1545631690659	128.253204	85.512489	-0.606808	0.709664	-0.000009	-0.001441	0.704539	1.000000	0.000000	0.000000	0	0	5786.261719	14.243376	img__0_1545631690655662900.png
1545631690794	128.260239	86.457504	-0.599793	0.709650	0.002354	-0.003862	0.704540	1.000000	0.000000	0.000000	1	0	5567.932129	14.189318	img__0_1545631690787487900.png
1545631690925	128.267990	87.406212	-0.600060	0.709671	0.001836	-0.002325	0.704527	1.000000	0.000000	0.000000	1	0	5824.415039	14.169597	img__0_1545631690921832000.png
1545631691051	128.274765	88.352730	-0.600269	0.709683	0.001701	-0.001804	0.704516	1.000000	0.000000	0.000000	1	0	6066.292480	14.174365	img__0_1545631691045142200.png
1545631691175	128.281479	89.301659	-0.594932	0.709695	0.000389	-0.000319	0.704509	1.000000	0.000000	0.000000	1	0	6296.305176	14.194253	img__0_1545631691172257100.png
1545631691307	128.288254	90.250351	-0.594955	0.709700	0.000012	0.000127	0.704504	1.000000	0.000000	0.000000	1	0	6515.291016	14.225886	img__0_1545631691300327900.png
1545631691436	128.295135	91.201088	-0.595149	0.709701	-0.000156	0.000315	0.704503	1.000000	0.000000	0.000000	1	0	6724.843262	14.270737	img__0_1545631691432085700.png
1545631691559	128.302094	92.155037	-0.595300	0.709699	-0.000275	0.000429	0.704505	1.000000	0.000000	0.000000	1	0	6926.133301	14.327579	img__0_1545631691555028400.png
1545631691687	128.309097	93.112953	-0.595418	0.709697	-0.000378	0.000516	0.704507	1.000000	0.000000	0.000000	1	0	7120.069336	14.394807	img__0_1545631691683437700.png
1545631691816	128.316162	94.075508	-0.595512	0.709694	-0.000470	0.000590	0.704509	1.000000	0.000000	0.000000	1	0	7307.398438	14.470898	img__0_1545631691806758100.png
1545631691939	128.323242	95.043221	-0.595587	0.709691	-0.000553	0.000655	0.704512	1.000000	0.000000	0.000000	1	0	7488.746094	14.554603	img__0_1545631691935448400.png
1545631692065	128.330383	96.016579	-0.595648	0.709688	-0.000627	0.000714	0.704515	1.000000	0.000000	0.000000	1	0	7500.002930	14.644930	img__0_1545631692057159800.png
1545631692187	128.337555	96.995949	-0.595696	0.709685	-0.000688	0.000762	0.704519	1.000000	0.000000	0.000000	1	0	7500.002930	14.735745	img__0_1545631692183933800.png
1545631692308	128.344757	97.981239	-0.595730	0.709681	-0.000728	0.000794	0.704522	1.000000	0.000000	0.000000	1	0	7500.002930	14.824490	img__0_1545631692302916200.png
1545631692435	128.351990	98.972328	-0.595754	0.709678	-0.000754	0.000812	0.704525	1.000000	0.000000	0.000000	0	0	7500.002930	14.911405	img__0_1545631692429911800.png
1545631692561	128.359238	99.965607	-0.595667	0.709676	-0.000510	0.000562	0.704528	1.000000	0.000000	0.000000	0	0	7328.020508	14.895958	img__0_1545631692557422600.png
1545631692686	128.366470	100.958145	-0.595620	0.709675	-0.000373	0.000420	0.704529	1.000000	0.000000	0.000000	0	0	7159.981445	14.881254	img__0_1545631692680915800.png
1545631692812	128.371780	101.949844	-0.595588	0.709119	-0.000385	0.000214	0.705089	1.000000	0.500000	0.000000	2	0	6585.874512	14.947496	img__0_1545631692804976700.png
1545631692933	128.364807	102.951462	-0.595752	0.705316	-0.001398	0.000007	0.708892	1.000000	0.500000	0.000000	2	0	6582.977051	15.139086	img__0_1545631692927269100.png
1545631693053	128.340851	103.965553	-0.595859	0.698529	-0.002551	-0.000648	0.715577	1.000000	0.000000	0.000000	2	0	6574.754883	15.348367	img__0_1545631693049140100.png
1545631693178	128.314194	104.993210	-0.595931	0.694977	-0.003004	-0.000763	0.719025	1.000000	0.000000	0.000000	2	0	6567.318359	15.556734	img__0_1545631693172480700.png
1545631693313	128.264679	106.559303	-0.595938	0.693301	-0.003119	-0.000851	0.720641	1.000000	0.000000	0.000000	2	0	6559.746582	15.887906	img__0_1545631693297985300.png
1545631693487	128.226578	107.620575	-0.595975	0.693041	-0.003091	-0.000637	0.720892	1.000000	0.000000	0.000000	2	0	6558.717285	16.087763	img__0_1545631693484961500.png
1545631693609	128.186066	108.695068	-0.596004	0.692985	-0.002924	-0.000328	0.720946	1.000000	0.000000	0.000000	2	0	6560.134277	16.285088	img__0_1545631693605068900.png
1545631693735	128.144028	109.782654	-0.596025	0.692992	-0.002686	0.000018	0.720941	1.000000	0.000000	0.000000	2	0	6563.915039	16.479944	img__0_1545631693727555400.png
1545631693856	128.100937	110.883217	-0.596041	0.693010	-0.002434	0.000352	0.720924	1.000000	0.000000	0.000000	2	0	6569.958984	16.672455	img__0_1545631693848237400.png
1545631693969	128.057114	111.996628	-0.596053	0.693023	-0.002203	0.000642	0.720912	1.000000	0.000000	0.000000	2	0	6578.153320	16.862747	img__0_1545631693966372700.png
1545631694097	128.010910	113.122597	-0.596058	0.692514	-0.002099	0.000775	0.721401	1.000000	0.500000	0.000000	2	0	6591.615234	17.044640	img__0_1545631694089403000.png
1545631694218	127.951912	114.259872	-0.596052	0.688685	-0.002507	0.000305	0.725056	0.000000	0.500000	0.000000	2	0	6436.979492	17.209290	img__0_1545631694210646000.png
1545631694342	127.869705	115.406258	-0.596031	0.680132	-0.003496	-0.000893	0.733081	0.000000	0.500000	0.000000	2	0	5660.185547	17.339132	img__0_1545631694334395200.png
1545631694465	127.754311	116.557686	-0.595993	0.666725	-0.004946	-0.002805	0.745282	0.000000	0.500000	0.000000	0	0	5530.391602	17.364424	img__0_1545631694458008600.png
1545631694588	127.602448	117.703339	-0.595849	0.650356	-0.006243	-0.005289	0.759586	0.000000	0.500000	0.000000	0	0	5403.574219	17.302885	img__0_1545631694585427500.png
1545631694715	127.407249	118.842995	-0.602856	0.631471	-0.010424	-0.005665	0.775309	0.000000	0.500000	0.000000	3	0	4869.657715	17.236082	img__0_1545631694707265700.png
1545631694840	127.173180	119.968468	-0.601401	0.613013	-0.011065	-0.008296	0.789952	0.000000	0.500000	0.000000	3	0	4093.866943	17.316692	img__0_1545631694834202500.png
1545631694971	126.889236	121.085358	-0.609616	0.593423	-0.010250	-0.011348	0.804745	0.000000	0.500000	0.000000	3	0	3479.851807	17.345406	img__0_1545631694967227600.png
1545631695106	126.558037	122.193855	-0.608998	0.572500	-0.011545	-0.013405	0.819714	0.000000	0.500000	0.000000	3	0	2986.976318	17.326252	img__0_1545631695102541500.png
1545631695236	126.174995	123.281647	-0.611169	0.551459	-0.011716	-0.016063	0.833965	0.000000	0.500000	0.000000	3	0	2603.794922	17.256969	img__0_1545631695232929500.png
1545631695376	125.743309	124.345924	-0.610720	0.529925	-0.011841	-0.018253	0.847765	-1.000000	0.500000	0.000000	-1	0	2255.780273	17.148090	img__0_1545631695368909600.png
1545631695507	125.268875	125.375702	-0.609560	0.509015	-0.011056	-0.020638	0.860439	-1.000000	0.500000	0.000000	-1	0	2034.014282	16.648602	img__0_1545631695503105500.png
1545631695648	124.766899	126.356361	-0.608318	0.489391	-0.010319	-0.022191	0.871721	-1.000000	0.500000	0.000000	-1	0	2057.137695	16.187717	img__0_1545631695639850800.png
1545631695785	124.238060	127.286850	-0.606331	0.473327	-0.009273	-0.023263	0.880531	-1.000000	0.500000	0.000000	-1	0	2106.812744	15.681577	img__0_1545631695781232300.png
1545631695928	123.685829	128.164459	-0.606031	0.458311	-0.008437	-0.023848	0.888432	-1.000000	0.500000	0.000000	-1	0	2192.331543	15.252908	img__0_1545631695919729500.png
1545631696070	123.114258	128.995239	-0.604608	0.444267	-0.007656	-0.023103	0.895564	-1.000000	0.500000	0.000000	-1	0	2237.658447	14.759683	img__0_1545631696067016600.png
1545631696210	122.526314	129.776047	-0.604639	0.430495	-0.006675	-0.022400	0.902290	-1.000000	0.500000	0.000000	-1	0	2318.055176	14.337928	img__0_1545631696203409900.png
1545631696361	121.924370	130.523636	-0.624308	0.416828	-0.012649	-0.013335	0.908800	-1.000000	0.500000	0.000000	-1	0	2418.583496	13.967475	img__0_1545631696352909200.png
1545631696500	121.324677	131.235336	-0.630149	0.408373	-0.009067	-0.002518	0.912767	-1.000000	0.500000	0.000000	-1	0	2523.923096	13.632170	img__0_1545631696496653100.png
1545631696649	120.698463	131.903976	-0.653669	0.399156	-0.019477	-0.004983	0.916663	-1.000000	0.500000	0.000000	-1	0	2606.989014	13.239946	img__0_1545631696640644600.png
1545631696798	120.110992	132.539948	-0.681712	0.385088	-0.007315	0.004475	0.922840	-1.000000	0.500000	0.000000	-1	0	2746.761963	12.939638	img__0_1545631696789181500.png
1545631696941	119.506226	133.111984	-0.713706	0.371467	0.007557	-0.006708	0.928391	-1.000000	0.500000	0.000000	-1	0	2794.274414	12.495501	img__0_1545631696934238900.png
1545631697089	119.190796	133.399323	-0.706237	0.365088	-0.001116	-0.008047	0.930937	0.000000	0.000000	0.000000	0	0	2878.131104	12.473515	img__0_1545631697082309400.png
