TimeStamp	POS_X	POS_Y	POS_Z	Q_W	Q_X	Q_Y	Q_Z	Throttle	Steering	Brake	Gear	Handbrake	RPM	Speed	ImageFile
1546461666440	128.078354	101.008842	-0.594498	0.708825	0.002542	-0.002500	0.705375	0.000000	0.000000	0.000000	1	0	1200.201050	8.739331	img__0_1546461666437271600.png
1546461666519	128.080994	101.582947	-0.594506	0.708501	0.002521	-0.002493	0.705701	0.000000	0.000000	0.000000	1	0	1185.919434	8.479645	img__0_1546461666515805500.png
1546461666598	128.082214	102.141342	-0.594563	0.706647	0.002336	-0.002387	0.707558	0.000000	0.000000	0.000000	1	0	1143.244141	8.279882	img__0_1546461666594642400.png
1546461666682	128.083038	102.687195	-0.594633	0.706632	0.002108	-0.002259	0.707574	0.000000	0.000000	0.000000	1	0	1094.755371	8.102383	img__0_1546461666678539200.png
1546461666756	128.083664	103.220634	-0.594669	0.706548	0.002005	-0.002183	0.707659	0.000000	0.000000	0.000000	1	0	1055.301392	7.916864	img__0_1546461666753638700.png
1546461666833	128.084366	103.742104	-0.594713	0.706711	0.001906	-0.002062	0.707497	1.000000	0.000000	0.000000	1	0	1138.576538	7.744008	img__0_1546461666830054900.png
1546461666917	128.085083	104.251579	-0.594733	0.706705	0.001880	-0.001989	0.707503	1.000000	0.000000	0.000000	1	0	1389.210693	7.570333	img__0_1546461666913892500.png
1546461666998	128.085999	104.750008	-0.594771	0.706836	0.001813	-0.001866	0.707372	1.000000	0.000000	0.000000	1	0	1763.598755	7.424853	img__0_1546461666995196400.png
1546461667077	128.087021	105.238190	-0.594789	0.706895	0.001791	-0.001796	0.707314	1.000000	0.000000	0.000000	1	0	2129.684082	7.279088	img__0_1546461667073235400.png
1546461667156	128.088272	105.717545	-0.594838	0.706964	0.001693	-0.001646	0.707245	1.000000	0.000000	0.000000	1	0	2479.673096	7.168917	img__0_1546461667153881700.png
1546461667237	128.089630	106.188309	-0.594844	0.707111	0.001692	-0.001619	0.707098	1.000000	0.000000	0.000000	1	0	2824.560059	7.039161	img__0_1546461667234475500.png
1546461667319	128.091293	106.652641	-0.594924	0.707064	0.001511	-0.001393	0.707147	1.000000	0.500000	0.000000	1	0	3153.553711	6.965734	img__0_1546461667316303700.png
1546461667394	128.084579	107.108849	-0.594886	0.705054	0.001199	-0.001897	0.709150	1.000000	0.500000	0.000000	1	0	3473.756104	6.828543	img__0_1546461667391362600.png
1546461667480	128.060333	107.561989	-0.595058	0.698062	-0.000143	-0.002375	0.716033	1.000000	0.500000	0.000000	1	0	3760.048584	6.746735	img__0_1546461667477230200.png
1546461667563	128.012543	108.008354	-0.595132	0.686207	-0.001559	-0.003508	0.727397	1.000000	0.500000	0.000000	1	0	4040.862061	6.633996	img__0_1546461667559406800.png
1546461667644	127.944473	108.447342	-0.595226	0.672303	-0.002809	-0.004449	0.740257	1.000000	0.000000	0.000000	1	0	4319.983398	6.705201	img__0_1546461667640052200.png
1546461667727	127.874512	108.886620	-0.595216	0.662247	-0.002694	-0.004421	0.749268	1.000000	0.000000	0.000000	1	0	4584.000977	6.619756	img__0_1546461667723347400.png
1546461667804	127.817711	109.328842	-0.595421	0.661160	-0.002210	-0.002795	0.750237	1.000000	0.000000	0.000000	1	0	4835.664551	6.622899	img__0_1546461667800607500.png
1546461667889	127.761108	109.772354	-0.595549	0.661048	-0.001780	-0.001652	0.750340	1.000000	0.000000	0.000000	0	0	5088.789063	6.549649	img__0_1546461667885143000.png
1546461667972	127.704773	110.212158	-0.595614	0.661000	-0.001417	-0.000904	0.750384	1.000000	0.000000	0.000000	0	0	4972.098145	6.742426	img__0_1546461667969633800.png
1546461668054	127.648033	110.653603	-0.595400	0.660377	-0.000446	-0.000985	0.750933	1.000000	0.000000	0.000000	0	0	4858.082520	6.696022	img__0_1546461668051742100.png
1546461668131	127.591530	111.096642	-0.595452	0.660529	-0.000312	-0.000561	0.750800	1.000000	0.000000	0.000000	2	0	4480.637695	6.755497	img__0_1546461668128936500.png
1546461668216	127.534752	111.548943	-0.595652	0.661210	-0.000644	0.000143	0.750201	1.000000	0.000000	0.000000	2	0	4443.901855	7.074816	img__0_1546461668213088300.png
1546461668294	127.477890	112.021461	-0.595796	0.661876	-0.000773	0.000776	0.749613	1.000000	-0.500000	0.000000	2	0	4412.473633	7.266694	img__0_1546461668291610700.png
1546461668376	127.435753	112.508827	-0.595900	0.667654	-0.000216	0.001918	0.744469	1.000000	-0.500000	0.000000	2	0	4389.663086	7.570252	img__0_1546461668371388400.png
1546461668454	127.406425	113.015503	-0.595944	0.675571	0.000483	0.002894	0.737289	1.000000	0.000000	0.000000	2	0	4371.738281	7.788782	img__0_1546461668451094800.png
1546461668533	127.365547	113.537300	-0.596026	0.677492	-0.000046	0.002759	0.735525	1.000000	0.000000	0.000000	2	0	4351.042969	8.003594	img__0_1546461668529962200.png
1546461668614	127.322594	114.073776	-0.596085	0.677994	-0.000532	0.002540	0.735063	1.000000	0.000000	0.000000	2	0	4332.769043	8.287608	img__0_1546461668611556100.png
1546461668692	127.278152	114.628082	-0.596109	0.677853	-0.000877	0.002305	0.735194	1.000000	0.000000	0.000000	2	0	4319.824219	8.491908	img__0_1546461668687893400.png
1546461668771	127.232758	115.196793	-0.596143	0.678042	-0.001175	0.002155	0.735019	1.000000	0.000000	0.000000	2	0	4311.666992	8.758391	img__0_1546461668767444700.png
1546461668851	127.185905	115.782272	-0.596146	0.677897	-0.001351	0.001992	0.735153	1.000000	0.000000	0.000000	2	0	4308.245605	8.963603	img__0_1546461668849207300.png
1546461668931	127.135475	116.381699	-0.596158	0.677261	-0.001635	0.001750	0.735739	1.000000	0.500000	0.000000	2	0	4314.622559	9.198958	img__0_1546461668927699300.png
1546461669010	127.068810	116.994392	-0.596137	0.672195	-0.002365	0.000848	0.740370	1.000000	0.500000	0.000000	2	0	4330.564941	9.379306	img__0_1546461669007422100.png
1546461669092	126.978081	117.616455	-0.596120	0.662152	-0.003537	-0.000586	0.749361	1.000000	0.500000	0.000000	2	0	4355.160156	9.564787	img__0_1546461669087258900.png
1546461669168	126.857666	118.248444	-0.599640	0.647189	-0.005756	-0.000636	0.762308	1.000000	0.500000	0.000000	2	0	4380.857422	9.746474	img__0_1546461669165317200.png
1546461669247	126.709610	118.884743	-0.601425	0.631284	-0.007417	-0.002269	0.775513	1.000000	0.500000	0.000000	2	0	4418.390625	9.929226	img__0_1546461669244597700.png
1546461669327	126.533043	119.526093	-0.601453	0.614201	-0.008528	-0.003812	0.789094	1.000000	0.500000	0.000000	2	0	4436.883301	10.117399	img__0_1546461669324649900.png
1546461669415	126.327080	120.171822	-0.603650	0.596866	-0.009811	-0.004630	0.802267	1.000000	0.500000	0.000000	2	0	4485.948242	10.285284	img__0_1546461669412088400.png
1546461669495	126.091774	120.815117	-0.609898	0.579134	-0.007991	-0.006811	0.815165	1.000000	0.500000	0.000000	2	0	4512.058594	10.470877	img__0_1546461669492483600.png
1546461669577	125.824707	121.463921	-0.609231	0.560330	-0.008792	-0.007772	0.828186	1.000000	0.500000	0.000000	2	0	4542.273926	10.651478	img__0_1546461669574250300.png
1546461669665	125.524536	122.108124	-0.611818	0.541900	-0.007965	-0.009589	0.840350	1.000000	0.500000	0.000000	2	0	4571.005859	10.823574	img__0_1546461669661683400.png
1546461669757	125.192802	122.752663	-0.611353	0.522656	-0.008371	-0.010081	0.852443	1.000000	0.500000	0.000000	2	0	4604.464355	11.004349	img__0_1546461669751892300.png
1546461669842	124.826836	123.391327	-0.611210	0.503765	-0.008498	-0.010775	0.863732	1.000000	0.500000	0.000000	2	0	4637.985352	11.180168	img__0_1546461669839350100.png
1546461669937	124.427887	124.023621	-0.611105	0.484935	-0.008474	-0.011344	0.874435	1.000000	0.500000	0.000000	2	0	4672.437012	11.354204	img__0_1546461669933372300.png
1546461670031	123.996414	124.648239	-0.611024	0.466092	-0.008360	-0.011786	0.884618	1.000000	0.500000	0.000000	2	0	4707.845215	11.527044	img__0_1546461670027701900.png
1546461670127	123.532753	125.263779	-0.610964	0.447229	-0.008186	-0.012137	0.894299	1.000000	0.500000	0.000000	2	0	4759.440918	11.685918	img__0_1546461670124264100.png
1546461670219	123.039635	125.868477	-0.609101	0.428778	-0.007164	-0.012387	0.903297	1.000000	0.500000	0.000000	2	0	4795.741699	11.856456	img__0_1546461670216170600.png
1546461670312	122.513756	126.460907	-0.608440	0.410118	-0.006730	-0.012927	0.911916	1.000000	0.500000	0.000000	2	0	4831.089355	12.027097	img__0_1546461670310305400.png
1546461670415	121.956947	127.040756	-0.608481	0.391318	-0.006536	-0.013216	0.920137	1.000000	0.500000	0.000000	2	0	4868.969238	12.192154	img__0_1546461670411572700.png
1546461670517	121.370262	127.607841	-0.606517	0.372086	-0.006808	-0.012718	0.928086	1.000000	0.500000	0.000000	0	0	5021.022461	12.360333	img__0_1546461670513800600.png
1546461670618	120.756393	128.153076	-0.605910	0.353221	-0.006378	-0.013349	0.935423	1.000000	0.500000	0.000000	0	0	4905.885254	12.332295	img__0_1546461670615449100.png
1546461670720	120.123299	128.672302	-0.605817	0.334060	-0.005810	-0.013812	0.942433	1.000000	0.500000	0.000000	0	0	4793.388184	12.302020	img__0_1546461670717370800.png
1546461670821	119.471451	129.164261	-0.605760	0.314761	-0.005268	-0.014189	0.949050	1.000000	0.500000	0.000000	3	0	4341.949707	12.334915	img__0_1546461670819140800.png
1546461670934	118.793076	129.633926	-0.605923	0.295218	-0.005485	-0.014302	0.955307	1.000000	0.500000	0.000000	3	0	4290.318359	12.515052	img__0_1546461670931067100.png
1546461671049	118.086334	130.081924	-0.606017	0.275662	-0.005482	-0.014473	0.961130	1.000000	0.500000	0.000000	3	0	4244.904785	12.690322	img__0_1546461671045862300.png
1546461671170	117.339722	130.523468	-0.634413	0.255587	-0.017475	-0.004882	0.966616	1.000000	0.500000	0.000000	3	0	4251.052246	12.820222	img__0_1546461671166442200.png
1546461671284	116.588631	130.931000	-0.632529	0.237327	-0.013033	0.002203	0.971340	1.000000	0.500000	0.000000	3	0	4235.853027	12.981102	img__0_1546461671280845600.png
1546461671404	116.588631	130.931000	-0.632529	0.237327	-0.013033	0.002203	0.971340	1.000000	0.500000	0.000000	3	0	4235.853027	12.981102	img__0_1546461671401633000.png
