TimeStamp	POS_X	POS_Y	POS_Z	Q_W	Q_X	Q_Y	Q_Z	Throttle	Steering	Brake	Gear	Handbrake	RPM	Speed	ImageFile
1546453117315	2.875096	-10.875322	-0.600393	0.810219	-0.002831	0.001471	-0.586119	1.000000	-0.500000	0.000000	0	0	5393.921875	-4.078992	img__0_1546453117312910400.png
1546453117423	2.795804	-10.471440	-0.600616	0.823681	-0.001283	0.000392	-0.567052	1.000000	-0.500000	0.000000	0	0	5780.121582	-4.043632	img__0_1546453117417881600.png
1546453117520	2.733293	-10.205168	-0.600726	0.832414	-0.000229	-0.000274	-0.554154	1.000000	-0.500000	0.000000	0	0	6034.391602	-4.036617	img__0_1546453117518017200.png
1546453117621	2.662857	-9.941355	-0.600807	0.840943	0.000695	-0.000830	-0.541123	1.000000	-0.500000	0.000000	0	0	6286.135254	-4.030030	img__0_1546453117618894800.png
1546453117723	2.584478	-9.680264	-0.600867	0.849261	0.001456	-0.001255	-0.527970	1.000000	-0.500000	0.000000	0	0	6141.436035	-4.023705	img__0_1546453117721144800.png
1546453117829	2.498194	-9.422143	-0.600911	0.857368	0.002052	-0.001556	-0.514698	1.000000	-0.500000	0.000000	0	0	6000.067383	-4.017535	img__0_1546453117824174200.png
1546453117929	2.404736	-9.168747	-0.600986	0.865222	0.002590	-0.001625	-0.501380	1.000000	-0.500000	0.000000	1	0	5571.583008	-3.845471	img__0_1546453117925335400.png
1546453118031	2.308623	-8.933002	-0.601128	0.872234	0.003250	-0.001454	-0.489075	1.000000	-0.500000	0.000000	1	0	5672.970703	-3.572527	img__0_1546453118027814700.png
1546453118128	2.212975	-8.717197	-0.601273	0.878512	0.003806	-0.001176	-0.477705	1.000000	-0.500000	0.000000	1	0	5774.781250	-3.300555	img__0_1546453118124017900.png
1546453118227	2.119613	-8.520398	-0.601396	0.884224	0.004158	-0.000851	-0.467044	1.000000	-0.500000	0.000000	1	0	5877.094727	-3.030562	img__0_1546453118222657200.png
1546453118327	2.029877	-8.341562	-0.602045	0.889453	0.003994	-0.000623	-0.457010	1.000000	-0.500000	0.000000	1	0	5979.950195	-2.758808	img__0_1546453118319984900.png
1546453118419	1.944746	-8.180649	-0.602716	0.894235	0.003480	-0.000304	-0.447584	1.000000	-0.500000	0.000000	1	0	6083.348145	-2.494624	img__0_1546453118416636500.png
1546453118518	1.865110	-8.037197	-0.602827	0.898536	0.003171	0.000083	-0.438888	1.000000	-0.500000	0.000000	1	0	6187.280273	-2.232552	img__0_1546453118514821300.png
1546453118620	1.791783	-7.910310	-0.602876	0.902381	0.002885	0.000405	-0.430930	1.000000	-0.500000	0.000000	1	0	6291.646484	-1.972954	img__0_1546453118618083300.png
1546453118715	1.725406	-7.799475	-0.602925	0.905780	0.002620	0.000656	-0.423739	1.000000	-0.500000	0.000000	1	0	6396.393066	-1.715609	img__0_1546453118712574500.png
1546453118815	1.666541	-7.704224	-0.603000	0.908736	0.002388	0.000836	-0.417364	1.000000	-0.500000	0.000000	1	0	6501.467773	-1.461209	img__0_1546453118810674400.png
1546453118913	1.615684	-7.624104	-0.603025	0.911243	0.002173	0.000998	-0.411861	1.000000	-0.500000	0.000000	1	0	6606.818848	-1.209639	img__0_1546453118909227500.png
1546453119013	1.573168	-7.558703	-0.603037	0.913298	0.001969	0.001132	-0.407286	1.000000	-0.500000	0.000000	1	0	6712.402344	-0.960494	img__0_1546453119008218800.png
1546453119113	1.539269	-7.507683	-0.603043	0.914894	0.001779	0.001244	-0.403688	1.000000	-0.500000	0.000000	1	0	6818.171875	-0.713707	img__0_1546453119110621700.png
1546453119211	1.514163	-7.470754	-0.603044	0.916025	0.001607	0.001334	-0.401115	1.000000	-0.500000	0.000000	0	0	6993.055664	-0.468765	img__0_1546453119206226000.png
1546453119304	1.496760	-7.444004	-0.602980	0.916973	0.001266	0.001246	-0.398945	1.000000	-0.500000	0.000000	0	0	6832.084473	-0.442289	img__0_1546453119301830700.png
1546453119402	1.479965	-7.417370	-0.602869	0.918012	0.000807	0.001014	-0.396549	1.000000	-0.500000	0.000000	0	0	6674.818359	-0.438581	img__0_1546453119398335400.png
1546453119502	1.463629	-7.392317	-0.602798	0.918940	0.000480	0.000880	-0.394395	1.000000	-0.500000	0.000000	2	0	5954.726563	-0.298496	img__0_1546453119498625500.png
1546453119604	1.453432	-7.379209	-0.602804	0.919233	0.000454	0.000920	-0.393713	1.000000	-0.500000	0.000000	2	0	5937.702148	-0.057132	img__0_1546453119600705200.png
1546453119698	1.452272	-7.379734	-0.602839	0.919035	0.000524	0.001031	-0.394175	1.000000	-0.500000	0.000000	2	0	5922.030762	0.181281	img__0_1546453119694533500.png
1546453119793	1.459682	-7.393901	-0.602875	0.918291	0.000635	0.001133	-0.395903	1.000000	-0.500000	0.000000	2	0	5907.444336	0.416194	img__0_1546453119788686200.png
1546453119886	1.475429	-7.421682	-0.602906	0.916999	0.000752	0.001212	-0.398887	1.000000	-0.500000	0.000000	2	0	5893.970703	0.650208	img__0_1546453119883250800.png
1546453119984	1.499290	-7.463093	-0.602929	0.915162	0.000860	0.001267	-0.403084	1.000000	-0.500000	0.000000	2	0	5881.747559	0.883816	img__0_1546453119980235900.png
1546453120086	1.531013	-7.518186	-0.602944	0.912794	0.000958	0.001300	-0.408418	1.000000	-0.500000	0.000000	2	0	5870.774414	1.116793	img__0_1546453120082545900.png
1546453120188	1.570256	-7.587063	-0.602950	0.909902	0.001047	0.001314	-0.414819	1.000000	-0.500000	0.000000	2	0	5861.021484	1.349042	img__0_1546453120184629200.png
1546453120282	1.616590	-7.669875	-0.602949	0.906494	0.001132	0.001314	-0.422215	1.000000	-0.500000	0.000000	2	0	5852.468262	1.580520	img__0_1546453120280318000.png
1546453120382	1.669503	-7.766807	-0.602938	0.902573	0.001219	0.001299	-0.430533	1.000000	-0.500000	0.000000	2	0	5845.090820	1.811359	img__0_1546453120378558600.png
1546453120481	1.728465	-7.878078	-0.602875	0.898139	0.001302	0.001300	-0.439708	1.000000	-0.500000	0.000000	2	0	5838.863770	2.041432	img__0_1546453120478586900.png
1546453120578	1.792746	-8.003903	-0.602840	0.893191	0.001388	0.001274	-0.449673	1.000000	-0.500000	0.000000	2	0	5833.792969	2.270185	img__0_1546453120573769000.png
1546453120679	1.861627	-8.144480	-0.602847	0.887730	0.001501	0.001205	-0.460360	1.000000	-0.500000	0.000000	2	0	5829.854004	2.497958	img__0_1546453120672837800.png
1546453120773	1.934332	-8.300066	-0.602851	0.881766	0.001637	0.001118	-0.471683	1.000000	-0.500000	0.000000	0	0	5955.525879	2.724442	img__0_1546453120769709000.png
1546453120873	2.009789	-8.470432	-0.602268	0.875380	0.002067	0.001064	-0.483430	1.000000	-0.500000	0.000000	0	0	5818.437500	2.813630	img__0_1546453120870712200.png
1546453120968	2.084038	-8.644221	-0.601548	0.869211	0.002437	0.000716	-0.494435	1.000000	-0.500000	0.000000	0	0	5684.503906	2.811846	img__0_1546453120965875800.png
1546453121069	2.154774	-8.820657	-0.601438	0.862908	0.002512	0.000324	-0.505355	1.000000	-0.500000	0.000000	3	0	4891.032227	2.978820	img__0_1546453121065996100.png
1546453121164	2.224572	-9.011938	-0.601453	0.855761	0.002798	0.000159	-0.517364	1.000000	-0.500000	0.000000	3	0	4818.089355	3.200431	img__0_1546453121161328300.png
1546453121264	2.294256	-9.219072	-0.601496	0.848001	0.003080	0.000057	-0.529986	1.000000	-0.500000	0.000000	3	0	4748.254395	3.422684	img__0_1546453121261522900.png
1546453121365	2.363136	-9.441999	-0.601538	0.839730	0.003329	-0.000033	-0.542995	1.000000	-0.500000	0.000000	3	0	4680.849121	3.643924	img__0_1546453121362511300.png
1546453121464	2.430253	-9.680732	-0.601574	0.830983	0.003552	-0.000134	-0.556287	1.000000	-0.500000	0.000000	3	0	4615.885742	3.863686	img__0_1546453121461847600.png
1546453121569	2.494582	-9.935266	-0.601603	0.821782	0.003756	-0.000257	-0.569790	1.000000	-0.500000	0.000000	3	0	4553.390625	4.081708	img__0_1546453121566813100.png
1546453121664	2.555076	-10.205540	-0.601625	0.812149	0.003948	-0.000404	-0.583436	1.000000	-0.500000	0.000000	3	0	4493.389648	4.297836	img__0_1546453121661508200.png
1546453121768	2.610683	-10.491443	-0.601639	0.802107	0.004132	-0.000574	-0.597166	1.000000	-0.500000	0.000000	3	0	4435.907715	4.511955	img__0_1546453121764995500.png
1546453121865	2.660353	-10.792817	-0.601650	0.791680	0.004309	-0.000763	-0.610920	1.000000	-0.500000	0.000000	3	0	4380.995605	4.723580	img__0_1546453121862649400.png
1546453121966	2.702810	-11.109431	-0.601657	0.780836	0.004487	-0.000979	-0.624720	1.000000	-0.500000	0.000000	3	0	4328.759277	4.932092	img__0_1546453121964087400.png
1546453122068	2.736712	-11.440984	-0.601661	0.769520	0.004670	-0.001222	-0.638604	1.000000	-0.500000	0.000000	3	0	4197.631836	5.222022	img__0_1546453122065564500.png
1546453122172	2.756628	-11.790219	-0.609826	0.757412	0.005044	-0.001862	-0.652915	1.000000	-0.500000	0.000000	3	0	4107.543457	5.515982	img__0_1546453122169658100.png
1546453122278	2.763991	-12.152346	-0.609127	0.744679	0.004909	-0.002880	-0.667398	1.000000	-0.500000	0.000000	3	0	3935.392822	5.677929	img__0_1546453122273042100.png
1546453122376	2.760523	-12.542465	-0.608837	0.731664	0.006140	-0.002102	-0.681634	1.000000	-0.500000	0.000000	3	0	3808.572754	5.800745	img__0_1546453122373920500.png
1546453122482	2.741082	-12.941511	-0.608421	0.717695	0.006691	-0.002152	-0.696322	1.000000	-0.500000	0.000000	0	0	3857.753662	6.341778	img__0_1546453122479744300.png
1546453122589	2.707193	-13.351101	-0.607414	0.704166	0.005415	-0.003887	-0.710005	1.000000	-0.500000	0.000000	0	0	3769.291504	6.266134	img__0_1546453122585849900.png
1546453122694	2.658121	-13.765669	-0.607129	0.690528	0.005588	-0.004047	-0.723273	1.000000	-0.500000	0.000000	0	0	3682.857666	6.190619	img__0_1546453122687894300.png
1546453122797	2.593018	-14.172329	-0.606792	0.675659	0.005369	-0.004530	-0.737181	1.000000	-0.500000	0.000000	2	0	3485.029785	6.189576	img__0_1546453122794227100.png
1546453122897	2.508869	-14.585676	-0.606820	0.660778	0.006053	-0.004398	-0.750545	1.000000	-0.500000	0.000000	2	0	3484.163574	6.393433	img__0_1546453122894599800.png
1546453123000	2.405163	-15.010154	-0.606829	0.645119	0.006532	-0.004391	-0.764042	1.000000	-0.500000	0.000000	2	0	3489.526611	6.571115	img__0_1546453122997835200.png
1546453123106	2.282089	-15.441525	-0.606783	0.628304	0.006724	-0.004566	-0.777926	1.000000	0.000000	0.000000	2	0	3502.249512	6.934459	img__0_1546453123102874100.png
1546453123211	2.153346	-15.888550	-0.606580	0.616930	0.005798	-0.004145	-0.786985	1.000000	0.000000	0.000000	2	0	3526.896973	7.137207	img__0_1546453123209551900.png
1546453123313	2.038333	-16.355211	-0.606553	0.616459	0.004412	-0.002138	-0.787372	1.000000	0.500000	0.000000	2	0	3558.105469	7.345447	img__0_1546453123310901900.png
1546453123416	1.943300	-16.837587	-0.606438	0.623816	0.002328	0.000133	-0.781568	1.000000	0.500000	0.000000	2	0	3584.962891	7.501112	img__0_1546453123413981800.png
1546453123524	1.871157	-17.338169	-0.606468	0.637573	0.000516	0.002711	-0.770385	1.000000	0.500000	0.000000	2	0	3615.154541	7.697908	img__0_1546453123520792600.png
1546453123616	1.821784	-17.852655	-0.606399	0.653545	-0.001363	0.004615	-0.756872	1.000000	0.500000	0.000000	2	0	3639.339600	7.898838	img__0_1546453123613813800.png
1546453123721	1.788061	-18.383162	-0.606408	0.668561	-0.002386	0.005843	-0.743631	1.000000	0.000000	0.000000	2	0	3668.594727	8.124646	img__0_1546453123716805100.png
1546453123825	1.746915	-18.926079	-0.606363	0.675098	-0.002103	0.005362	-0.737705	1.000000	0.000000	0.000000	2	0	3700.739990	8.332252	img__0_1546453123821253200.png
1546453123927	1.699278	-19.483479	-0.606391	0.676253	-0.001205	0.004545	-0.736655	1.000000	0.000000	0.000000	2	0	3725.451660	8.539435	img__0_1546453123922800800.png
1546453124031	1.651076	-20.053986	-0.606382	0.676449	-0.000514	0.003757	-0.736480	1.000000	0.000000	0.000000	2	0	3751.966309	8.754159	img__0_1546453124029203000.png
1546453124130	1.601900	-20.639278	-0.606398	0.676490	0.000125	0.003163	-0.736445	1.000000	0.000000	0.000000	2	0	3781.893311	8.954956	img__0_1546453124127228600.png
1546453124224	1.551793	-21.237413	-0.606387	0.676518	0.000557	0.002643	-0.736422	1.000000	0.000000	0.000000	2	0	3813.665771	9.163753	img__0_1546453124221094900.png
1546453124327	1.500483	-21.849688	-0.606392	0.676522	0.000922	0.002288	-0.736419	1.000000	0.000000	0.000000	2	0	3848.096680	9.360430	img__0_1546453124323469300.png
1546453124426	1.450695	-22.474888	-0.606380	0.677330	0.001003	0.002145	-0.735675	1.000000	0.500000	0.000000	2	0	3889.228027	9.552056	img__0_1546453124421961700.png
1546453124520	1.414677	-23.113647	-0.606362	0.682245	0.000428	0.002675	-0.731119	1.000000	0.000000	0.000000	2	0	3931.316650	9.738356	img__0_1546453124517898200.png
1546453124622	1.378584	-23.765041	-0.606357	0.685560	0.000376	0.002713	-0.728011	1.000000	0.000000	0.000000	2	0	3972.566162	9.932119	img__0_1546453124619566000.png
1546453124719	1.339736	-24.429298	-0.606358	0.686325	0.000575	0.002509	-0.727291	1.000000	0.000000	0.000000	2	0	4012.413086	10.125407	img__0_1546453124716963400.png
1546453124819	1.303189	-25.106453	-0.606354	0.687222	0.000620	0.002437	-0.726444	1.000000	0.500000	0.000000	2	0	4058.028564	10.308172	img__0_1546453124816786400.png
1546453124915	1.280554	-25.796135	-0.606401	0.691866	0.000081	0.002949	-0.722020	1.000000	0.500000	0.000000	2	0	4109.862793	10.473645	img__0_1546453124912700300.png
1546453125009	1.273746	-26.497606	-0.606340	0.699299	-0.000660	0.003625	-0.714820	1.000000	0.000000	0.000000	2	0	4155.682129	10.662685	img__0_1546453125005848300.png
1546453125100	1.262468	-27.211508	-0.606341	0.701974	-0.000492	0.003440	-0.712194	1.000000	0.000000	0.000000	2	0	4199.047852	10.850776	img__0_1546453125097686400.png
1546453125198	1.252038	-27.937935	-0.606339	0.702661	-0.000221	0.003158	-0.711518	1.000000	0.000000	0.000000	2	0	4242.076172	11.038235	img__0_1546453125195207700.png
1546453125299	1.242803	-28.677153	-0.606709	0.702835	0.000149	0.003089	-0.711346	1.000000	0.000000	0.000000	2	0	4286.018555	11.224442	img__0_1546453125296048900.png
1546453125400	1.234086	-29.428711	-0.607239	0.702870	0.000403	0.003101	-0.711311	1.000000	0.000000	0.000000	2	0	4331.951172	11.407847	img__0_1546453125397132100.png
1546453125502	1.225008	-30.191839	-0.606579	0.702878	0.000479	0.002574	-0.711305	1.000000	0.000000	0.000000	2	0	4377.161621	11.591720	img__0_1546453125499151500.png
1546453125595	1.216109	-30.967314	-0.606671	0.702885	0.000607	0.002084	-0.711300	1.000000	0.000000	0.000000	2	0	4422.369141	11.773631	img__0_1546453125593212800.png
1546453125693	1.207563	-31.754927	-0.607203	0.702911	0.000427	0.001923	-0.711275	1.000000	0.000000	0.000000	2	0	4468.607910	11.956217	img__0_1546453125689432400.png
1546453125789	1.198274	-32.555367	-0.606546	0.702933	0.000826	0.001949	-0.711253	1.000000	0.000000	0.000000	2	0	4515.597168	12.137294	img__0_1546453125786806800.png
1546453125891	1.188939	-33.367519	-0.606302	0.702935	0.001155	0.001694	-0.711252	0.000000	0.000000	0.000000	2	0	4425.563965	12.316346	img__0_1546453125887491200.png
1546453125978	1.179878	-34.191605	-0.606550	0.702939	0.001348	0.001676	-0.711247	0.000000	0.000000	0.000000	2	0	3849.070557	12.480861	img__0_1546453125975747700.png
1546453126076	1.170969	-35.026211	-0.607474	0.702942	0.001370	0.002079	-0.711243	0.000000	0.000000	0.000000	0	0	3501.583252	12.600235	img__0_1546453126072127400.png
1546453126170	1.161612	-35.862896	-0.607301	0.702951	0.000746	0.001755	-0.711236	0.000000	0.000000	0.000000	0	0	3421.288574	12.592357	img__0_1546453126168099600.png
1546453126267	1.152324	-36.698792	-0.607646	0.702955	0.000112	0.001429	-0.711233	0.000000	0.000000	0.000000	0	0	3342.834961	12.580239	img__0_1546453126263958200.png
1546453126363	1.143383	-37.533936	-0.608388	0.702973	-0.000722	0.001386	-0.711215	1.000000	0.000000	0.000000	1	0	3151.015137	12.415775	img__0_1546453126359737600.png
1546453126453	1.133731	-38.357544	-0.607070	0.702946	-0.001429	0.000732	-0.711242	1.000000	0.000000	0.000000	1	0	3305.671875	12.250005	img__0_1546453126450277600.png
1546453126542	1.124275	-39.171124	-0.606840	0.702933	-0.001463	0.000287	-0.711255	1.000000	0.000000	0.000000	1	0	3656.590332	12.103864	img__0_1546453126538863900.png
1546453126631	1.115294	-39.975731	-0.606771	0.702903	-0.001511	0.000051	-0.711285	1.000000	0.000000	0.000000	1	0	3984.948730	11.992292	img__0_1546453126628851700.png
1546453126719	1.105724	-40.774624	-0.605221	0.702872	-0.000631	0.000171	-0.711316	1.000000	0.000000	0.000000	1	0	4291.303223	11.917169	img__0_1546453126717178400.png
1546453126808	1.096753	-41.567734	-0.605511	0.702836	-0.000442	-0.000290	-0.711352	1.000000	0.000000	0.000000	1	0	4580.421387	11.861600	img__0_1546453126804173900.png
1546453126901	1.088146	-42.357780	-0.605541	0.702822	-0.000322	-0.000411	-0.711366	1.000000	-0.500000	0.000000	1	0	4857.760254	11.823580	img__0_1546453126897725100.png
1546453126994	1.072570	-43.145428	-0.605586	0.700838	0.000114	-0.000764	-0.713320	1.000000	-0.500000	0.000000	1	0	5123.296387	11.795127	img__0_1546453126992062500.png
1546453127080	1.040609	-43.930874	-0.605625	0.694896	0.001015	-0.001596	-0.719107	1.000000	0.000000	0.000000	1	0	5375.542480	11.787022	img__0_1546453127078124500.png
1546453127176	1.003730	-44.716137	-0.605773	0.690148	0.001464	-0.001789	-0.723664	1.000000	0.000000	0.000000	1	0	5619.030762	11.796805	img__0_1546453127170532400.png
1546453127263	0.967634	-45.502213	-0.605937	0.688757	0.001412	-0.001538	-0.724990	1.000000	0.000000	0.000000	1	0	5852.731445	11.818727	img__0_1546453127260022100.png
1546453127354	0.928999	-46.289803	-0.605753	0.688353	0.001373	-0.001408	-0.725373	1.000000	0.000000	0.000000	1	0	6076.468750	11.854326	img__0_1546453127351183300.png
1546453127449	0.889127	-47.079998	-0.605927	0.688265	0.001223	-0.001148	-0.725457	1.000000	0.000000	0.000000	1	0	6288.426270	11.906853	img__0_1546453127443861600.png
1546453127530	0.848433	-47.874138	-0.606047	0.688299	0.001037	-0.000703	-0.725426	1.000000	0.000000	0.000000	0	0	6513.580566	11.982932	img__0_1546453127528578400.png
1546453127624	0.807093	-48.670166	-0.605785	0.688331	0.000785	-0.000657	-0.725396	0.000000	0.000000	0.000000	0	0	6364.217773	11.973635	img__0_1546453127619435100.png
1546453127710	0.766004	-49.465488	-0.605754	0.688345	0.000540	-0.000552	-0.725383	0.000000	0.000000	0.000000	0	0	6218.279785	11.965327	img__0_1546453127708107700.png
1546453127797	0.724991	-50.260017	-0.605731	0.688370	0.000331	-0.000459	-0.725359	0.000000	0.000000	0.000000	2	0	5263.426270	12.027522	img__0_1546453127794011800.png
1546453127881	0.683389	-51.065292	-0.606086	0.688399	0.000780	0.000230	-0.725332	0.000000	0.000000	0.000000	2	0	4434.435059	12.229492	img__0_1546453127878455000.png
1546453127964	0.641287	-51.883457	-0.607045	0.688475	0.001087	0.001030	-0.725258	0.000000	0.000000	0.000000	2	0	3741.826172	12.392277	img__0_1546453127961923400.png
1546453128050	0.598680	-52.710808	-0.607274	0.688523	0.000876	0.001462	-0.725212	0.000000	0.000000	0.000000	2	0	3179.159180	12.505817	img__0_1546453128047667800.png
1546453128140	0.555566	-53.544407	-0.607434	0.688565	0.000594	0.001559	-0.725173	0.000000	0.000000	0.000000	2	0	2736.848389	12.562642	img__0_1546453128135986700.png
1546453128214	0.512471	-54.379124	-0.606967	0.688634	-0.000601	0.000720	-0.725108	0.000000	0.000000	0.000000	2	0	2400.212646	12.565619	img__0_1546453128212921800.png
1546453128301	0.469575	-55.215115	-0.607088	0.688666	-0.000693	0.000770	-0.725078	0.000000	0.000000	0.000000	2	0	2149.484619	12.522893	img__0_1546453128298003700.png
1546453128387	0.426987	-56.047443	-0.607021	0.688653	-0.000881	0.000635	-0.725091	0.000000	0.000000	0.000000	2	0	1953.185181	12.460109	img__0_1546453128384141700.png
1546453128464	0.383737	-56.873371	-0.600451	0.688517	-0.001528	-0.000777	-0.725218	0.000000	0.000000	0.000000	2	0	1808.709229	12.360092	img__0_1546453128462111000.png
1546453128549	0.341282	-57.693504	-0.600266	0.688428	-0.001801	-0.001563	-0.725301	0.000000	0.000000	0.000000	2	0	1698.489258	12.247922	img__0_1546453128546955900.png
1546453128633	0.301446	-58.506557	-0.600254	0.689018	-0.002057	-0.001794	-0.724739	0.000000	0.500000	0.000000	2	0	1610.794556	12.122304	img__0_1546453128630600300.png
1546453128724	0.268666	-59.314285	-0.594801	0.691124	-0.001152	-0.000429	-0.722735	0.000000	0.000000	0.000000	2	0	1545.442261	11.989615	img__0_1546453128719455700.png
1546453128803	0.234080	-60.110935	-0.594714	0.691717	-0.000957	-0.000301	-0.722168	0.000000	0.000000	0.000000	2	0	1492.969727	11.848631	img__0_1546453128800349800.png
1546453128879	0.217264	-60.505653	-0.594786	0.692301	-0.000872	-0.000258	-0.721608	0.000000	0.000000	0.000000	2	0	1470.529419	11.777811	img__0_1546453128877843300.png
1546453128923	0.200483	-60.897671	-0.594809	0.691858	-0.000980	-0.000377	-0.722033	1.000000	0.000000	0.000000	0	0	1486.583130	11.704764	img__0_1546453128919318900.png
1546453128997	0.167457	-61.680088	-0.595035	0.691945	-0.000612	-0.000098	-0.721950	1.000000	0.000000	0.000000	0	0	1452.494141	11.686846	img__0_1546453128994810800.png
1546453129041	0.151167	-62.068718	-0.594955	0.692361	-0.000897	-0.000433	-0.721550	1.000000	0.000000	0.000000	0	0	1435.744019	11.762885	img__0_1546453129036737000.png
1546453129079	0.134558	-62.461395	-0.595183	0.691949	-0.000374	0.000030	-0.721946	1.000000	0.000000	0.000000	0	0	1419.187012	11.671645	img__0_1546453129077521000.png
1546453129162	0.101691	-63.241718	-0.595287	0.691936	-0.000202	0.000091	-0.721959	1.000000	0.000000	0.000000	1	0	1572.786621	11.602880	img__0_1546453129158822900.png
1546453129209	0.085496	-63.626919	-0.595059	0.692313	-0.000828	-0.000573	-0.721597	1.000000	0.000000	0.000000	1	0	1796.504272	11.462164	img__0_1546453129204134600.png
1546453129252	0.069306	-64.008667	-0.595083	0.691912	-0.000798	-0.000575	-0.721981	1.000000	0.000000	0.000000	1	0	2011.764282	11.334113	img__0_1546453129249215600.png
1546453129331	0.037692	-64.758965	-0.594996	0.691875	-0.001076	-0.000905	-0.722016	1.000000	0.500000	0.000000	1	0	2423.597900	11.101715	img__0_1546453129328629500.png
1546453129374	0.024232	-65.128601	-0.594973	0.692899	-0.001265	-0.000900	-0.721033	1.000000	0.500000	0.000000	1	0	2618.928467	10.999400	img__0_1546453129368858400.png
1546453129445	0.008306	-65.858543	-0.594964	0.696993	-0.001945	-0.000347	-0.717075	1.000000	0.500000	0.000000	1	0	2987.818604	10.820297	img__0_1546453129442728400.png
1546453129486	0.007848	-66.219254	-0.594967	0.700226	-0.002470	0.000154	-0.713917	1.000000	0.000000	0.000000	1	0	3165.677490	10.749313	img__0_1546453129482534800.png
1546453129528	0.008082	-66.577637	-0.594985	0.703864	-0.002723	0.000464	-0.710329	1.000000	0.000000	0.000000	1	0	3335.181152	10.690043	img__0_1546453129524083200.png
1546453129597	0.003721	-67.288673	-0.595031	0.706326	-0.002556	0.000461	-0.707882	1.000000	0.000000	0.000000	1	0	3658.298340	10.594170	img__0_1546453129593920000.png
1546453129636	0.001804	-67.641914	-0.595060	0.706027	-0.002424	0.000449	-0.708181	1.000000	0.000000	0.000000	1	0	3811.557861	10.559116	img__0_1546453129632046000.png
1546453129676	0.000697	-67.994034	-0.595094	0.707000	-0.002255	0.000425	-0.707210	1.000000	0.000000	0.000000	1	0	3961.357666	10.528117	img__0_1546453129670085400.png
1546453129749	-0.000951	-68.695251	-0.595154	0.707193	-0.001920	0.000353	-0.707018	1.000000	0.000000	0.000000	1	0	4253.670410	10.476768	img__0_1546453129745768000.png
1546453129796	-0.001688	-69.044571	-0.595178	0.706297	-0.001771	0.000308	-0.707914	1.000000	0.000000	0.000000	1	0	4396.104492	10.455809	img__0_1546453129791754100.png
1546453129842	-0.001972	-69.393234	-0.595209	0.707241	-0.001572	0.000248	-0.706970	1.000000	0.000000	0.000000	1	0	4535.937988	10.438014	img__0_1546453129835832100.png
1546453129891	-0.002718	-70.088829	-0.595260	0.707253	-0.001236	0.000145	-0.706959	1.000000	0.000000	0.000000	1	0	4807.723145	10.412976	img__0_1546453129882795000.png
1546453129965	-0.003345	-70.782997	-0.595309	0.707254	-0.000931	0.000069	-0.706959	1.000000	0.000000	0.000000	1	0	4939.720703	10.405436	img__0_1546453129959962300.png
1546453130011	-0.003811	-71.129822	-0.595332	0.706318	-0.000812	0.000057	-0.707894	1.000000	0.000000	0.000000	1	0	5195.781250	10.401304	img__0_1546453130009459400.png
1546453130073	-0.003890	-71.476677	-0.595405	0.707255	-0.000656	0.000055	-0.706958	1.000000	0.000000	0.000000	1	0	5319.846680	10.404711	img__0_1546453130069640400.png
1546453130109	-0.004337	-71.823540	-0.595366	0.706340	-0.000578	0.000033	-0.707872	1.000000	0.000000	0.000000	1	0	5441.046387	10.411932	img__0_1546453130107223600.png
1546453130180	-0.005018	-72.523132	-0.602527	0.706278	0.002188	0.002581	-0.707926	1.000000	0.000000	0.000000	0	0	5687.045898	10.420713	img__0_1546453130176935300.png
1546453130218	-0.005965	-72.868088	-0.600520	0.706766	0.001007	0.001218	-0.707446	1.000000	0.000000	0.000000	0	0	5621.462402	10.474980	img__0_1546453130215937200.png
1546453130262	-0.006937	-73.218781	-0.601139	0.706248	0.001849	0.001983	-0.707959	1.000000	0.500000	0.000000	0	0	5556.635742	10.383389	img__0_1546453130259148800.png
1546453130325	-0.000800	-73.913536	-0.600966	0.708416	0.001427	0.002254	-0.705790	1.000000	0.500000	0.000000	0	0	5429.217285	10.354252	img__0_1546453130322072300.png
1546453130362	0.007866	-74.258522	-0.602237	0.711442	0.001268	0.002329	-0.702740	1.000000	0.500000	0.000000	2	0	4954.086426	10.431711	img__0_1546453130358797600.png
1546453130430	0.037704	-74.955894	-0.607584	0.718320	-0.000115	0.002124	-0.695710	1.000000	0.000000	0.000000	2	0	4955.795410	10.680521	img__0_1546453130428239000.png
1546453130472	0.052210	-75.310898	-0.607730	0.720177	-0.000531	0.001771	-0.693788	1.000000	0.000000	0.000000	2	0	4953.011719	10.751558	img__0_1546453130469153500.png
1546453130511	0.066180	-75.669617	-0.607683	0.721524	-0.000128	0.002015	-0.692387	1.000000	0.000000	0.000000	2	0	4953.277832	10.895608	img__0_1546453130507949900.png
1546453130580	0.095923	-76.398483	-0.607606	0.722389	0.000223	0.002034	-0.691484	1.000000	0.000000	0.000000	2	0	4956.903320	11.095753	img__0_1546453130577321000.png
1546453130617	0.111147	-76.766685	-0.608203	0.722087	-0.000207	0.001059	-0.691801	1.000000	0.000000	0.000000	2	0	4956.308105	11.203469	img__0_1546453130614182200.png
1546453130656	0.127345	-77.140465	-0.607725	0.722548	0.000298	0.001278	-0.691319	1.000000	0.000000	0.000000	2	0	4960.346680	11.308511	img__0_1546453130651230400.png
1546453130731	0.160367	-77.897301	-0.607623	0.722597	0.000583	0.001112	-0.691269	1.000000	0.000000	0.000000	2	0	4967.354980	11.520967	img__0_1546453130726259500.png
1546453130778	0.177082	-78.280983	-0.607590	0.722201	0.000701	0.001013	-0.691682	1.000000	0.000000	0.000000	2	0	4972.004883	11.626865	img__0_1546453130774888000.png
1546453130820	0.211518	-79.059616	-0.606827	0.722234	0.001144	0.001365	-0.691647	1.000000	-0.500000	0.000000	2	0	4985.478516	11.832821	img__0_1546453130814661200.png
1546453130895	0.239745	-79.851547	-0.606308	0.720332	0.001450	0.001383	-0.693626	1.000000	-0.500000	0.000000	2	0	5006.176758	12.025897	img__0_1546453130889710700.png
1546453130963	0.251706	-80.656189	-0.606335	0.714633	0.002272	0.000565	-0.699496	1.000000	0.000000	0.000000	2	0	5028.489258	12.218904	img__0_1546453130958601100.png
1546453131038	0.258224	-81.474083	-0.606350	0.709923	0.002752	0.000160	-0.704274	1.000000	0.000000	0.000000	2	0	5049.950195	12.417925	img__0_1546453131033052000.png
1546453131112	0.265250	-82.305229	-0.606358	0.708411	0.002822	0.000142	-0.705794	0.000000	0.000000	0.000000	2	0	4645.645508	12.612559	img__0_1546453131109003300.png
1546453131178	0.270075	-83.148994	-0.606351	0.707967	0.002759	0.000181	-0.706240	0.000000	0.000000	0.000000	2	0	3923.572021	12.779687	img__0_1546453131175530900.png
1546453131251	0.273506	-84.003006	-0.606314	0.707853	0.002530	0.000233	-0.706355	1.000000	0.000000	0.000000	2	0	3399.916016	12.898124	img__0_1546453131247041600.png
1546453131326	0.276596	-84.864601	-0.607407	0.707808	0.002235	0.000904	-0.706401	1.000000	0.000000	0.000000	0	0	3343.459473	12.975792	img__0_1546453131320686900.png
1546453131395	0.278881	-85.726997	-0.607289	0.707793	0.001441	0.000912	-0.706418	1.000000	0.000000	0.000000	0	0	3266.790527	12.969096	img__0_1546453131391741700.png
1546453131468	0.280505	-86.587646	-0.606181	0.707800	0.000504	0.000067	-0.706412	1.000000	0.000000	0.000000	0	0	3191.879639	12.958275	img__0_1546453131463579400.png
1546453131541	0.282963	-87.448433	-0.607126	0.707859	-0.000232	0.000109	-0.706353	1.000000	0.000000	0.000000	1	0	3223.755371	12.790257	img__0_1546453131535290600.png
1546453131611	0.285032	-88.297607	-0.606955	0.707870	-0.000796	0.000025	-0.706342	1.000000	0.000000	0.000000	1	0	3586.008301	12.626940	img__0_1546453131607207800.png
1546453131674	0.286399	-89.137253	-0.605542	0.707839	-0.000343	-0.000137	-0.706374	1.000000	0.000000	0.000000	1	0	3926.656250	12.493320	img__0_1546453131669514400.png
1546453131744	0.288528	-89.968086	-0.605566	0.707820	-0.000316	-0.000409	-0.706393	1.000000	0.000000	0.000000	1	0	4245.934082	12.392471	img__0_1546453131741955500.png
1546453131813	0.290763	-90.792885	-0.605565	0.707785	-0.000307	-0.000496	-0.706428	1.000000	0.000000	0.000000	1	0	4544.501465	12.323217	img__0_1546453131809034500.png
1546453131880	0.292941	-91.613670	-0.605583	0.707719	-0.000276	-0.000482	-0.706493	1.000000	0.000000	0.000000	1	0	4825.400879	12.280110	img__0_1546453131877672600.png
1546453131944	0.295062	-92.431915	-0.605609	0.707678	-0.000235	-0.000425	-0.706535	0.000000	0.000000	0.000000	1	0	4943.567871	12.252003	img__0_1546453131940247000.png
1546453132008	0.297146	-93.248337	-0.605633	0.707665	-0.000202	-0.000366	-0.706548	0.000000	0.000000	0.000000	1	0	4492.691895	12.219226	img__0_1546453132003851600.png
1546453132070	0.299203	-94.061996	-0.605632	0.707667	-0.000228	-0.000363	-0.706546	0.000000	0.000000	0.000000	1	0	3981.024414	12.155034	img__0_1546453132066634900.png
1546453132133	0.301240	-94.870705	-0.605607	0.707697	-0.000311	-0.000423	-0.706516	0.000000	0.000000	0.000000	1	0	3548.864502	12.056344	img__0_1546453132130070500.png
1546453132197	0.303256	-95.669853	-0.605561	0.707760	-0.000443	-0.000536	-0.706452	0.000000	0.000000	1.000000	1	0	3177.993896	11.922345	img__0_1546453132194144800.png
1546453132262	0.305176	-96.454048	-0.605464	0.707671	-0.000701	-0.000779	-0.706541	0.000000	0.000000	1.000000	1	0	2825.483398	11.672560	img__0_1546453132258377000.png
1546453132332	0.307012	-97.220284	-0.605313	0.707595	-0.001090	-0.001162	-0.706616	0.000000	0.000000	1.000000	1	0	2488.820801	11.333525	img__0_1546453132329092600.png
1546453132397	0.309024	-97.955719	-0.605032	0.708396	-0.001809	-0.001887	-0.705811	0.000000	0.000000	1.000000	1	0	2192.067871	10.715798	img__0_1546453132394245900.png
1546453132472	0.311317	-98.649986	-0.604779	0.708618	-0.002481	-0.002490	-0.705584	0.000000	0.000000	1.000000	1	0	1935.431030	10.103474	img__0_1546453132467733600.png
1546453132546	0.313996	-99.297340	-0.604593	0.708626	-0.002994	-0.002917	-0.705571	0.000000	0.000000	1.000000	1	0	1812.647217	9.415438	img__0_1546453132543643900.png
1546453132608	0.316367	-99.890663	-0.604325	0.708223	-0.003797	-0.003684	-0.705970	0.000000	0.000000	1.000000	1	0	1765.940918	8.620392	img__0_1546453132605108900.png
1546453132681	0.318535	-100.432526	-0.605176	0.708097	-0.004270	-0.003701	-0.706092	0.000000	0.000000	1.000000	1	0	1721.720459	7.836030	img__0_1546453132678446900.png
1546453132745	0.319989	-100.931068	-0.605041	0.708018	-0.004893	-0.003981	-0.706166	0.000000	0.000000	1.000000	1	0	1684.871582	7.036532	img__0_1546453132742437900.png
1546453132816	0.321063	-101.377037	-0.604898	0.707971	-0.005297	-0.004258	-0.706208	0.000000	0.000000	1.000000	1	0	1652.822632	6.238839	img__0_1546453132813133800.png
1546453132886	0.321989	-101.771011	-0.604788	0.707946	-0.005578	-0.004495	-0.706230	0.000000	0.000000	0.000000	1	0	1622.470459	5.447741	img__0_1546453132883610200.png
1546453132959	0.322599	-102.112656	-0.604014	0.707929	-0.005846	-0.005144	-0.706241	0.000000	0.000000	0.000000	1	0	1600.158203	4.643153	img__0_1546453132955080600.png
1546453133025	0.323505	-102.420731	-0.600538	0.707963	-0.005502	-0.004777	-0.706212	0.000000	0.000000	0.000000	1	0	1444.524780	4.733878	img__0_1546453133022896600.png
1546453133095	0.324337	-102.729813	-0.598418	0.708004	-0.004787	-0.003753	-0.706182	0.000000	0.000000	0.000000	1	0	1319.198730	4.637039	img__0_1546453133092446200.png
1546453133163	0.325036	-103.032036	-0.598379	0.708022	-0.004140	-0.002921	-0.706172	0.000000	0.000000	0.000000	1	0	1215.473022	4.529376	img__0_1546453133159810300.png
1546453133230	0.325732	-103.326660	-0.598956	0.708026	-0.003635	-0.002313	-0.706173	0.000000	0.000000	0.000000	1	0	1128.890381	4.413140	img__0_1546453133227174900.png
1546453133295	0.326430	-103.613152	-0.599606	0.708027	-0.003248	-0.001876	-0.706176	0.000000	0.000000	0.000000	1	0	1056.106934	4.290561	img__0_1546453133293006800.png
1546453133362	0.327122	-103.891205	-0.600171	0.708026	-0.002956	-0.001563	-0.706178	0.000000	0.000000	0.000000	1	0	998.894958	4.155958	img__0_1546453133359859500.png
1546453133433	0.327392	-104.158363	-0.595803	0.708029	-0.003346	-0.002439	-0.706171	1.000000	0.000000	0.000000	1	0	1063.058594	4.028835	img__0_1546453133430553700.png
1546453133501	0.328183	-104.418419	-0.594883	0.708007	-0.003415	-0.002794	-0.706191	1.000000	0.000000	0.000000	1	0	1269.658691	3.932371	img__0_1546453133498331400.png
1546453133565	0.328811	-104.673615	-0.594594	0.707995	-0.003054	-0.002852	-0.706205	1.000000	0.000000	0.000000	1	0	1577.145508	3.891302	img__0_1546453133563032600.png
1546453133637	0.329537	-104.921715	-0.595374	0.707994	-0.002704	-0.002708	-0.706208	1.000000	0.000000	0.000000	1	0	1842.507446	3.915223	img__0_1546453133633453200.png
1546453133705	0.330259	-105.177841	-0.595280	0.707995	-0.002329	-0.002442	-0.706210	1.000000	0.000000	0.000000	1	0	2088.574707	3.979537	img__0_1546453133701963600.png
1546453133776	0.330970	-105.438568	-0.595440	0.707997	-0.001984	-0.002146	-0.706209	1.000000	0.000000	0.000000	1	0	2318.059326	4.068531	img__0_1546453133773094000.png
1546453133843	0.331679	-105.705261	-0.595653	0.708000	-0.001688	-0.001861	-0.706208	1.000000	0.000000	0.000000	1	0	2535.989258	4.173732	img__0_1546453133840605000.png
1546453133910	0.332394	-105.978912	-0.595849	0.708003	-0.001441	-0.001605	-0.706206	1.000000	0.000000	0.000000	1	0	2745.250732	4.290184	img__0_1546453133907689400.png
1546453133977	0.333121	-106.260162	-0.596016	0.708006	-0.001238	-0.001384	-0.706204	1.000000	0.000000	0.000000	1	0	2948.043701	4.415816	img__0_1546453133974078400.png
1546453134042	0.333871	-106.551521	-0.592127	0.708010	0.000041	-0.000082	-0.706202	1.000000	0.000000	0.000000	1	0	3145.474854	4.543834	img__0_1546453134039404500.png
1546453134106	0.334631	-106.847733	-0.591153	0.708013	0.000586	0.000483	-0.706199	1.000000	0.000000	0.000000	1	0	3336.185547	4.677740	img__0_1546453134101976500.png
1546453134172	0.335401	-107.147469	-0.591312	0.708015	0.000827	0.000740	-0.706196	1.000000	0.000000	0.000000	1	0	3519.872803	4.813603	img__0_1546453134169457100.png
1546453134234	0.336211	-107.462540	-0.590931	0.708018	0.000936	0.000863	-0.706193	1.000000	0.000000	0.000000	1	0	3703.937012	4.955905	img__0_1546453134232174800.png
1546453134297	0.337048	-107.786659	-0.590916	0.708022	0.000998	0.000936	-0.706189	1.000000	0.000000	0.000000	1	0	3868.615967	5.143472	img__0_1546453134294369300.png
1546453134358	0.337890	-108.110855	-0.599071	0.708025	0.000930	0.000877	-0.706186	1.000000	0.000000	0.000000	1	0	4034.176758	5.356911	img__0_1546453134355870500.png
1546453134424	0.338746	-108.440117	-0.598286	0.708028	0.000420	0.000371	-0.706184	1.000000	0.000000	0.000000	1	0	4177.556641	5.402361	img__0_1546453134421239200.png
1546453134487	0.339659	-108.788734	-0.598099	0.708032	0.001472	0.001430	-0.706178	1.000000	0.000000	0.000000	1	0	4326.492188	5.442135	img__0_1546453134483470600.png
1546453134547	0.337375	-109.139206	-0.597680	0.707102	0.001764	0.001365	-0.707108	1.000000	-0.500000	0.000000	1	0	4470.824219	5.892459	img__0_1546453134544805700.png
1546453134619	0.322651	-109.501724	-0.596995	0.702734	0.001593	-0.000072	-0.711451	1.000000	-0.500000	0.000000	1	0	4612.732910	5.956387	img__0_1546453134615496300.png
1546453134688	0.294711	-109.893745	-0.597007	0.695866	0.003025	-0.000004	-0.718166	1.000000	0.000000	0.000000	1	0	4766.837891	5.984597	img__0_1546453134683556700.png
1546453134758	0.279801	-110.289841	-0.596882	0.694654	0.002767	0.000694	-0.719338	1.000000	0.000000	0.000000	1	0	4908.319336	6.385758	img__0_1546453134754922400.png
1546453134831	0.265143	-110.700424	-0.596504	0.694383	0.001897	0.000534	-0.719603	1.000000	0.000000	0.000000	0	0	4985.405273	6.288568	img__0_1546453134828381900.png
1546453134900	0.250706	-111.105186	-0.596221	0.694862	0.001275	0.000360	-0.719142	1.000000	0.000000	0.000000	0	0	4874.636230	6.371508	img__0_1546453134897370200.png
1546453134973	0.236019	-111.516342	-0.596096	0.693946	0.001032	0.000470	-0.720026	1.000000	0.000000	0.000000	2	0	4550.100098	6.175642	img__0_1546453134968198200.png
1546453135041	0.221366	-111.924149	-0.596171	0.694408	0.001325	0.000905	-0.719579	1.000000	0.000000	0.000000	2	0	4514.118652	6.374909	img__0_1546453135038053100.png
1546453135111	0.206147	-112.346336	-0.596260	0.694344	0.001630	0.001317	-0.719641	1.000000	0.000000	0.000000	2	0	4471.692383	6.688970	img__0_1546453135108854400.png
1546453135175	0.190298	-112.787575	-0.596312	0.694320	0.001832	0.001593	-0.719662	1.000000	0.000000	0.000000	2	0	4433.312988	6.869113	img__0_1546453135172507800.png
1546453135244	0.174131	-113.238564	-0.596331	0.694357	0.001933	0.001742	-0.719626	1.000000	0.000000	0.000000	2	0	4401.126465	7.260017	img__0_1546453135241906000.png
1546453135310	0.157160	-113.712578	-0.596289	0.694416	0.001882	0.001726	-0.719569	1.000000	0.000000	0.000000	2	0	4368.988770	7.434595	img__0_1546453135307897100.png
1546453135382	0.139607	-114.201141	-0.596357	0.694241	0.002091	0.001947	-0.719737	1.000000	0.000000	0.000000	2	0	4345.020996	7.651328	img__0_1546453135379541500.png
1546453135461	0.112896	-114.948959	-0.596071	0.694220	0.001429	0.001339	-0.719760	1.000000	0.000000	0.000000	2	0	4311.548828	8.176653	img__0_1546453135458403500.png
1546453135544	0.094178	-115.474350	-0.596047	0.694494	0.001396	0.001302	-0.719496	1.000000	0.000000	0.000000	2	0	4299.872559	8.382564	img__0_1546453135540473800.png
1546453135610	0.074897	-116.014702	-0.596079	0.694268	0.001490	0.001409	-0.719713	1.000000	0.000000	0.000000	2	0	4292.785156	8.619113	img__0_1546453135607776800.png
1546453135684	0.055174	-116.568726	-0.596051	0.694485	0.001436	0.001347	-0.719504	1.000000	0.000000	0.000000	2	0	4288.392578	8.836524	img__0_1546453135680561800.png
1546453135754	0.034922	-117.137413	-0.596063	0.694342	0.001474	0.001395	-0.719642	1.000000	0.000000	1.000000	2	0	4271.965332	9.059777	img__0_1546453135750284200.png
1546453135823	0.012149	-117.717606	-0.595983	0.693836	0.001400	0.001081	-0.720131	1.000000	-0.500000	1.000000	2	0	4186.874023	9.200726	img__0_1546453135819186700.png
1546453135894	-0.024582	-118.303802	-0.595864	0.689390	0.001742	0.000095	-0.724388	1.000000	-0.500000	1.000000	2	0	4036.843262	8.973025	img__0_1546453135891410800.png
1546453135961	-0.082185	-118.873055	-0.595656	0.679831	0.002311	-0.001713	-0.733363	1.000000	-0.500000	1.000000	2	0	3864.153076	8.726841	img__0_1546453135958131700.png
1546453136031	-0.165224	-119.423492	-0.595552	0.665466	0.003182	-0.003772	-0.746412	1.000000	-0.500000	1.000000	2	0	3694.088135	8.495570	img__0_1546453136028666800.png
1546453136104	-0.270462	-119.955223	-0.595406	0.649002	0.003880	-0.005585	-0.760756	1.000000	-0.500000	1.000000	0	0	3790.718506	7.983141	img__0_1546453136099376200.png
1546453136173	-0.384760	-120.447098	-0.600148	0.634281	0.004615	-0.006111	-0.773064	1.000000	-0.500000	1.000000	0	0	3706.828369	7.330292	img__0_1546453136168866000.png
1546453136235	-0.507550	-120.886406	-0.599830	0.619869	0.003872	-0.007588	-0.784659	0.000000	-0.500000	1.000000	1	0	3511.419678	6.550409	img__0_1546453136232598900.png
1546453136309	-0.633503	-121.266319	-0.599463	0.605944	0.003118	-0.008621	-0.795454	0.000000	-0.500000	1.000000	1	0	3241.141357	5.782739	img__0_1546453136304994100.png
1546453136379	-0.761841	-121.599854	-0.599146	0.592491	0.002220	-0.009200	-0.805521	0.000000	-0.500000	1.000000	1	0	2994.973877	5.002672	img__0_1546453136374779300.png
1546453136448	-0.885133	-121.882195	-0.599808	0.580088	0.001473	-0.008843	-0.814504	0.000000	-0.500000	1.000000	1	0	2716.893799	4.288562	img__0_1546453136445466500.png
1546453136521	-0.998352	-122.122353	-0.597569	0.568238	0.000168	-0.007301	-0.822832	0.000000	-0.500000	1.000000	1	0	2400.258545	3.695951	img__0_1546453136517077200.png
1546453136584	-1.102999	-122.325546	-0.596795	0.557568	-0.001040	-0.006012	-0.830109	0.000000	-0.500000	1.000000	1	0	2109.506836	3.166836	img__0_1546453136581998700.png
1546453136653	-1.199342	-122.495056	-0.598283	0.548157	-0.001777	-0.005735	-0.836354	0.000000	-0.500000	1.000000	1	0	1862.701538	2.651503	img__0_1546453136649194700.png
1546453136724	-1.283804	-122.633591	-0.599887	0.539953	-0.002252	-0.005722	-0.841673	1.000000	-0.500000	1.000000	1	0	1786.720459	2.152921	img__0_1546453136722246300.png
1546453136798	-1.355243	-122.743256	-0.600676	0.532789	-0.002568	-0.005293	-0.846228	1.000000	-0.500000	1.000000	1	0	1902.915527	1.665632	img__0_1546453136794537700.png
1546453136863	-1.412238	-122.825264	-0.601117	0.526908	-0.002856	-0.004674	-0.849904	1.000000	-0.500000	1.000000	1	0	2164.431641	1.186736	img__0_1546453136860695700.png
1546453136940	-1.453160	-122.881004	-0.601397	0.522594	-0.003153	-0.003958	-0.852567	1.000000	-0.500000	1.000000	1	0	2414.513184	0.718021	img__0_1546453136933736600.png
1546453137009	-1.476868	-122.911987	-0.601598	0.520060	-0.003448	-0.003208	-0.854117	1.000000	-0.500000	0.000000	1	0	2644.191406	0.268854	img__0_1546453137006491600.png
1546453137081	-1.485723	-122.923302	-0.601839	0.519136	-0.003404	-0.002361	-0.854681	1.000000	-0.500000	0.000000	1	0	2838.723633	0.141530	img__0_1546453137078461300.png
1546453137157	-1.496051	-122.934616	-0.602250	0.517724	-0.002532	-0.001518	-0.855543	1.000000	-0.500000	0.000000	1	0	2984.953369	0.356134	img__0_1546453137154930300.png
1546453137227	-1.515827	-122.957031	-0.602671	0.515131	-0.001418	-0.000875	-0.857110	1.000000	-0.500000	0.000000	1	0	3131.919678	0.575258	img__0_1546453137224181700.png
1546453137298	-1.544698	-122.990181	-0.603030	0.511498	-0.000370	-0.000433	-0.859284	1.000000	-0.500000	0.000000	1	0	3279.286865	0.791974	img__0_1546453137295482300.png
1546453137366	-1.582565	-123.033745	-0.603315	0.506915	0.000513	-0.000151	-0.861996	1.000000	-0.500000	0.000000	1	0	3426.773438	1.005857	img__0_1546453137363158700.png
1546453137434	-1.629527	-123.087410	-0.603535	0.501430	0.001223	0.000014	-0.865197	1.000000	-0.500000	0.000000	1	0	3574.194824	1.217206	img__0_1546453137431193300.png
1546453137508	-1.685762	-123.150818	-0.603701	0.495084	0.001780	0.000096	-0.868843	1.000000	-0.500000	0.000000	1	0	3721.408691	1.426281	img__0_1546453137504836500.png
1546453137583	-1.751498	-123.223602	-0.603827	0.487914	0.002213	0.000116	-0.872889	1.000000	-0.500000	0.000000	1	0	3868.339355	1.633343	img__0_1546453137579972100.png
1546453137656	-1.827034	-123.305351	-0.603919	0.479952	0.002550	0.000089	-0.877291	1.000000	-0.500000	0.000000	1	0	4014.918457	1.838609	img__0_1546453137652583800.png
1546453137729	-1.912699	-123.395653	-0.603983	0.471229	0.002813	0.000025	-0.882007	1.000000	-0.500000	0.000000	1	0	4161.030273	2.042231	img__0_1546453137725184200.png
1546453137796	-2.008820	-123.493965	-0.604031	0.461779	0.003022	-0.000070	-0.886990	1.000000	-0.500000	0.000000	1	0	4306.603027	2.241569	img__0_1546453137793309800.png
1546453137866	-2.114992	-123.599350	-0.604931	0.451731	0.002654	-0.000021	-0.892150	1.000000	-0.500000	0.000000	1	0	4451.428711	2.439154	img__0_1546453137863110100.png
1546453137934	-2.232743	-123.711761	-0.605210	0.440985	0.002569	0.000104	-0.897511	1.000000	-0.500000	0.000000	1	0	4595.649414	2.638475	img__0_1546453137931561500.png
1546453138004	-2.362162	-123.830505	-0.605300	0.429573	0.002585	0.000104	-0.903028	1.000000	-0.500000	0.000000	1	0	4739.164063	2.836644	img__0_1546453138000229000.png
1546453138080	-2.503491	-123.954918	-0.605326	0.417558	0.002645	0.000015	-0.908646	1.000000	-0.500000	0.000000	1	0	4881.923340	3.033396	img__0_1546453138076354300.png
1546453138157	-2.655754	-124.083168	-0.605791	0.405126	0.002461	-0.000437	-0.914258	1.000000	-0.500000	0.000000	0	0	4959.933105	3.108982	img__0_1546453138150755600.png
1546453138222	-2.811607	-124.210007	-0.606286	0.393241	0.002140	-0.001118	-0.919432	1.000000	-0.500000	0.000000	0	0	4849.776855	3.107962	img__0_1546453138218239500.png
1546453138290	-2.970229	-124.333412	-0.606278	0.381473	0.001906	-0.001535	-0.924377	1.000000	-0.500000	0.000000	2	0	4308.357422	3.147790	img__0_1546453138287065000.png
1546453138360	-3.138160	-124.456238	-0.606303	0.368941	0.002022	-0.001827	-0.929449	1.000000	-0.500000	0.000000	2	0	4329.218262	3.350770	img__0_1546453138357875400.png
1546453138440	-3.320431	-124.581833	-0.606335	0.355417	0.002234	-0.002078	-0.934703	1.000000	-0.500000	0.000000	2	0	4351.664063	3.556914	img__0_1546453138434059700.png
1546453138514	-3.516883	-124.709908	-0.606230	0.341274	0.002391	-0.002350	-0.939958	1.000000	-0.500000	0.000000	2	0	4375.153320	3.763540	img__0_1546453138510339600.png
1546453138591	-3.727674	-124.839775	-0.605863	0.326643	0.002423	-0.002701	-0.945141	1.000000	-0.500000	0.000000	2	0	4399.640137	3.969663	img__0_1546453138587713700.png
1546453138670	-3.953014	-124.970680	-0.605338	0.311605	0.002344	-0.003040	-0.950204	1.000000	-0.500000	0.000000	2	0	4425.109375	4.174239	img__0_1546453138664695000.png
1546453138749	-4.193318	-125.101738	-0.604965	0.296199	0.002313	-0.003406	-0.955117	1.000000	-0.500000	0.000000	2	0	4451.556152	4.376711	img__0_1546453138744376000.png
1546453138823	-4.448795	-125.232193	-0.604964	0.280458	0.002409	-0.003744	-0.959856	1.000000	-0.500000	0.000000	2	0	4478.976563	4.577184	img__0_1546453138820022000.png
1546453138895	-4.719442	-125.361053	-0.605140	0.264423	0.002508	-0.003938	-0.964395	1.000000	-0.500000	0.000000	2	0	4507.390137	4.775153	img__0_1546453138892785600.png
1546453138979	-5.005328	-125.486862	-0.605256	0.248016	0.002547	-0.004128	-0.968744	1.000000	-0.500000	0.000000	2	0	4536.763184	4.971891	img__0_1546453138975212400.png
1546453139061	-5.305795	-125.608543	-0.604163	0.231224	0.001940	-0.004043	-0.972890	1.000000	-0.500000	0.000000	2	0	4507.382324	5.216329	img__0_1546453139058063000.png
1546453139146	-5.627852	-125.722595	-0.611778	0.213715	0.002282	-0.004695	-0.976882	1.000000	0.000000	0.000000	2	0	4520.835938	5.345122	img__0_1546453139143423900.png
1546453139224	-5.962318	-125.846001	-0.610984	0.202024	0.003018	-0.004128	-0.979367	1.000000	0.000000	0.000000	2	0	4482.941895	5.600305	img__0_1546453139222520600.png
1546453139310	-6.305907	-125.988251	-0.609777	0.200474	0.003191	-0.002653	-0.979690	1.000000	0.000000	0.000000	2	0	4430.806152	5.916440	img__0_1546453139307467600.png
1546453139389	-6.660404	-126.138390	-0.609199	0.200111	0.002364	-0.001700	-0.979769	1.000000	0.000000	0.000000	2	0	4372.004395	6.293885	img__0_1546453139386822400.png
1546453139466	-7.035630	-126.298035	-0.608936	0.198789	0.002024	-0.000930	-0.980040	1.000000	0.000000	0.000000	2	0	4323.337402	6.455126	img__0_1546453139464496200.png
1546453139554	-7.429305	-126.466080	-0.607645	0.199846	0.003237	0.000123	-0.979822	1.000000	0.000000	0.000000	2	0	4287.974609	6.659898	img__0_1546453139548576800.png
1546453139639	-7.835408	-126.638184	-0.607288	0.199425	0.003370	0.000457	-0.979907	1.000000	0.000000	0.000000	2	0	4255.696777	6.969117	img__0_1546453139632895300.png
1546453139712	-8.258505	-126.814537	-0.607096	0.198510	0.003215	0.000345	-0.980094	1.000000	-0.500000	0.000000	2	0	4231.997559	7.226618	img__0_1546453139710048500.png
1546453139799	-8.703362	-126.984146	-0.607002	0.191595	0.003414	-0.000603	-0.981468	1.000000	-0.500000	0.000000	2	0	4219.634277	7.347228	img__0_1546453139795065700.png
1546453139883	-9.163793	-127.137344	-0.606907	0.178264	0.003585	-0.002245	-0.983974	1.000000	-0.500000	0.000000	2	0	4217.771973	7.674079	img__0_1546453139879214700.png
1546453139959	-9.648521	-127.273239	-0.606772	0.159946	0.003568	-0.004232	-0.987110	1.000000	-0.500000	0.000000	2	0	4213.708984	7.810750	img__0_1546453139957062600.png
1546453140042	-10.150784	-127.391129	-0.606764	0.139312	0.003816	-0.005904	-0.990224	1.000000	-0.500000	0.000000	2	0	4212.425293	8.017123	img__0_1546453140036792000.png
1546453140124	-10.683789	-127.499405	-0.606753	0.119168	0.003898	-0.006823	-0.992843	1.000000	0.000000	0.000000	2	0	4216.383301	8.295853	img__0_1546453140120157000.png
1546453140210	-11.217937	-127.611931	-0.606682	0.110199	0.003651	-0.006057	-0.993884	1.000000	0.000000	0.000000	2	0	4224.633789	8.479210	img__0_1546453140202536100.png
1546453140293	-11.764366	-127.732399	-0.606680	0.108035	0.003531	-0.004656	-0.994130	1.000000	0.000000	0.000000	2	0	4225.816895	8.715162	img__0_1546453140290198600.png
1546453140388	-12.325799	-127.855797	-0.606665	0.107837	0.003393	-0.003439	-0.994157	1.000000	0.000000	0.000000	2	0	4230.141602	8.925041	img__0_1546453140380922900.png
1546453140472	-12.901503	-127.981934	-0.606649	0.107652	0.003271	-0.002430	-0.994180	1.000000	0.000000	0.000000	2	0	4238.220703	9.151605	img__0_1546453140467019700.png
1546453140554	-13.491927	-128.111191	-0.606631	0.107751	0.003156	-0.001639	-0.994171	1.000000	0.000000	0.000000	2	0	4249.588867	9.359210	img__0_1546453140549438300.png
1546453140640	-14.096673	-128.240616	-0.606613	0.106521	0.003074	-0.001263	-0.994305	1.000000	-0.500000	0.000000	2	0	4268.273438	9.567043	img__0_1546453140636219100.png
1546453140722	-14.717296	-128.359711	-0.606584	0.100327	0.003023	-0.001802	-0.994948	1.000000	-0.500000	0.000000	2	0	4295.538086	9.748968	img__0_1546453140718689400.png
1546453140813	-15.352927	-128.460052	-0.606551	0.087699	0.002991	-0.003169	-0.996137	1.000000	-0.500000	0.000000	2	0	4329.943848	9.919703	img__0_1546453140810048700.png
1546453140890	-16.003304	-128.535675	-0.606526	0.069455	0.002950	-0.005068	-0.997568	1.000000	-0.500000	0.000000	2	0	4362.949707	10.095234	img__0_1546453140888146400.png
1546453140983	-16.667990	-128.586716	-0.606513	0.048691	0.002876	-0.006926	-0.998786	1.000000	-0.500000	0.000000	2	0	4395.129395	10.277598	img__0_1546453140978735300.png
1546453141081	-17.346636	-128.616623	-0.606515	0.029068	0.002802	-0.008225	-0.999540	1.000000	0.000000	0.000000	2	0	4422.418945	10.482958	img__0_1546453141077376200.png
1546453141172	-18.039469	-128.643509	-0.606496	0.018629	0.002709	-0.007916	-0.999791	1.000000	0.000000	0.000000	2	0	4453.456055	10.673834	img__0_1546453141169983500.png
1546453141266	-18.745962	-128.670242	-0.606503	0.015691	0.002698	-0.006857	-0.999850	1.000000	0.000000	0.000000	2	0	4478.949219	10.868591	img__0_1546453141262391400.png
1546453141354	-19.466438	-128.694412	-0.607044	0.014913	0.002928	-0.005507	-0.999869	1.000000	0.000000	0.000000	2	0	4507.329102	11.064407	img__0_1546453141350198700.png
1546453141440	-20.200527	-128.717163	-0.607587	0.014694	0.003135	-0.004014	-0.999879	1.000000	0.000000	0.000000	2	0	4537.743164	11.258579	img__0_1546453141436982800.png
1546453141534	-20.946753	-128.739014	-0.606704	0.014675	0.002626	-0.002904	-0.999885	1.000000	0.000000	0.000000	2	0	4569.054199	11.452359	img__0_1546453141529910100.png
1546453141644	-21.706669	-128.760986	-0.606938	0.014727	0.002362	-0.002148	-0.999886	1.000000	0.000000	0.000000	2	0	4601.660156	11.642495	img__0_1546453141625422400.png
1546453141722	-22.479939	-128.783752	-0.607488	0.014823	0.002103	-0.001155	-0.999887	1.000000	0.500000	0.000000	2	0	4669.027832	11.799035	img__0_1546453141720266400.png
1546453141819	-23.263170	-128.811584	-0.601632	0.017011	0.000614	-0.000162	-0.999855	1.000000	0.500000	0.000000	2	0	4732.120605	11.959311	img__0_1546453141813557600.png
1546453141911	-24.057613	-128.852539	-0.600993	0.023547	0.000135	0.000788	-0.999722	1.000000	0.000000	0.000000	2	0	4772.346680	12.135321	img__0_1546453141907013300.png
1546453142006	-24.864994	-128.901245	-0.601037	0.029770	0.000065	0.001428	-0.999556	1.000000	0.000000	0.000000	2	0	4807.988770	12.341634	img__0_1546453141997831400.png
1546453142093	-25.688311	-128.949219	-0.595577	0.032373	0.001795	0.001508	-0.999473	1.000000	0.000000	0.000000	2	0	4840.418457	12.523817	img__0_1546453142090510600.png
1546453142190	-26.522697	-128.999619	-0.595583	0.032465	0.002222	0.001442	-0.999469	1.000000	-0.500000	0.000000	2	0	4879.127441	12.696108	img__0_1546453142182667000.png
1546453142272	-27.369448	-129.040878	-0.595732	0.027451	0.002339	0.000546	-0.999620	1.000000	0.000000	0.000000	0	0	4953.541992	12.729052	img__0_1546453142266874300.png
1546453142365	-28.217251	-129.080322	-0.595733	0.023358	0.001984	0.000018	-0.999725	1.000000	0.000000	0.000000	0	0	4840.351074	12.710964	img__0_1546453142361469300.png
1546453142458	-29.064684	-129.120117	-0.595727	0.022022	0.001690	-0.000249	-0.999756	1.000000	0.000000	0.000000	3	0	4381.486816	12.694489	img__0_1546453142454659600.png
1546453142553	-29.914385	-129.158539	-0.595780	0.021594	0.001674	-0.000436	-0.999765	1.000000	0.000000	0.000000	3	0	4322.794922	12.907206	img__0_1546453142547128200.png
1546453142636	-30.779036	-129.196655	-0.595867	0.021478	0.001829	-0.000509	-0.999767	1.000000	0.000000	0.000000	3	0	4266.229492	13.113056	img__0_1546453142632318400.png
1546453142727	-31.657881	-129.234894	-0.595942	0.021462	0.001980	-0.000492	-0.999767	1.000000	0.000000	0.000000	3	0	4217.111816	13.313832	img__0_1546453142724531900.png
1546453142822	-32.550385	-129.273468	-0.595998	0.021475	0.002090	-0.000423	-0.999767	1.000000	0.000000	0.000000	3	0	4175.288086	13.509601	img__0_1546453142819247100.png
1546453142917	-33.455738	-129.312500	-0.596037	0.021492	0.002160	-0.000336	-0.999767	1.000000	0.000000	0.000000	3	0	4140.319336	13.700567	img__0_1546453142913622200.png
1546453143002	-34.373577	-129.352020	-0.596063	0.021507	0.002200	-0.000250	-0.999766	1.000000	0.000000	0.000000	3	0	4111.727051	13.887016	img__0_1546453142997701000.png
1546453143094	-35.303616	-129.392044	-0.596078	0.021519	0.002216	-0.000177	-0.999766	1.000000	0.000000	0.000000	3	0	4089.020752	14.069260	img__0_1546453143091372100.png
1546453143180	-36.245598	-129.432602	-0.596087	0.021530	0.002215	-0.000118	-0.999766	1.000000	0.000000	0.000000	3	0	4071.715576	14.247607	img__0_1546453143177662700.png
1546453143276	-37.199280	-129.471710	-0.596088	0.020735	0.002199	-0.000229	-0.999783	1.000000	-0.500000	0.000000	3	0	4063.115723	14.416240	img__0_1546453143271915100.png
1546453143370	-38.164165	-129.499130	-0.596079	0.015399	0.002152	-0.001054	-0.999879	1.000000	-0.500000	0.000000	3	0	4065.661133	14.568706	img__0_1546453143364007100.png
1546453143468	-39.139679	-129.510300	-0.596081	0.005971	0.002127	-0.002284	-0.999977	1.000000	0.000000	0.000000	3	0	4062.754150	14.737918	img__0_1546453143465567900.png
1546453143555	-40.126251	-129.519958	-0.596075	0.001252	0.002088	-0.002622	-0.999994	1.000000	0.000000	0.000000	3	0	4061.126953	14.904891	img__0_1546453143552543100.png
1546453143641	-41.123856	-129.525528	-0.596069	0.000492	-0.002058	0.002720	0.999994	1.000000	0.000000	0.000000	3	0	4062.464844	15.068529	img__0_1546453143639525400.png
1546453143727	-42.132290	-129.527435	-0.596063	0.001084	-0.002034	0.002622	0.999994	1.000000	0.000000	0.000000	3	0	4066.891602	15.229689	img__0_1546453143724799400.png
1546453143813	-43.151367	-129.527130	-0.596057	0.001253	-0.002011	0.002343	0.999994	1.000000	0.000000	0.000000	3	0	4074.041504	15.388874	img__0_1546453143810249300.png
1546453143898	-44.180958	-129.525635	-0.596050	0.001279	-0.001988	0.001963	0.999995	1.000000	0.000000	0.000000	3	0	4083.627441	15.546267	img__0_1546453143896629300.png
1546453143987	-45.220921	-129.523483	-0.596043	0.001264	-0.001962	0.001560	0.999996	1.000000	0.000000	0.000000	3	0	4095.393555	15.701971	img__0_1546453143982742200.png
1546453144071	-46.271160	-129.520996	-0.596035	0.001243	-0.001937	0.001188	0.999997	1.000000	0.000000	0.000000	3	0	4109.098145	15.856092	img__0_1546453144069365900.png
1546453144162	-47.331562	-129.518372	-0.596027	0.001226	-0.001911	0.000875	0.999997	1.000000	0.000000	0.000000	3	0	4124.520020	16.008734	img__0_1546453144159382500.png
1546453144254	-48.402035	-129.515671	-0.596019	0.001213	-0.001886	0.000627	0.999997	1.000000	0.000000	0.000000	3	0	4141.458008	16.160006	img__0_1546453144249409600.png
1546453144343	-49.482498	-129.512939	-0.596013	0.001203	-0.001861	0.000439	0.999997	1.000000	0.000000	0.000000	3	0	4159.735352	16.310007	img__0_1546453144339872100.png
1546453144434	-50.572861	-129.510208	-0.596005	0.001195	-0.001838	0.000302	0.999998	1.000000	0.000000	0.000000	3	0	4179.188965	16.458832	img__0_1546453144429916100.png
1546453144518	-51.673054	-129.507492	-0.595999	0.001188	-0.001815	0.000205	0.999998	1.000000	0.000000	0.000000	3	0	4199.677734	16.606569	img__0_1546453144513478400.png
1546453144607	-52.783016	-129.504776	-0.595992	0.001182	-0.001795	0.000139	0.999998	1.000000	0.000000	0.000000	3	0	4221.075195	16.753288	img__0_1546453144603312900.png
1546453144697	-53.902679	-129.502060	-0.595987	0.001175	-0.001775	0.000095	0.999998	1.000000	0.000000	0.000000	3	0	4243.269043	16.899063	img__0_1546453144693482000.png
1546453144792	-55.036934	-129.499344	-0.603106	0.001169	-0.005355	0.000070	0.999985	1.000000	0.000000	0.000000	3	0	4289.852051	17.019741	img__0_1546453144784335400.png
1546453144878	-56.173431	-129.496643	-0.601621	0.001164	-0.004396	0.000052	0.999990	1.000000	0.000000	0.000000	3	0	4312.217773	17.167664	img__0_1546453144875033000.png
1546453144960	-57.320736	-129.493896	-0.601740	0.001128	-0.004297	0.000114	0.999990	1.000000	0.000000	0.000000	3	0	4335.021484	17.313110	img__0_1546453144958064400.png
1546453145049	-58.475201	-129.491409	-0.606807	0.001106	-0.002318	0.000050	0.999997	1.000000	0.000000	0.000000	3	0	4359.448730	17.452950	img__0_1546453145045939000.png
1546453145136	-59.640800	-129.488754	-0.607245	0.001105	-0.001700	0.000109	0.999998	1.000000	0.000000	0.000000	3	0	4381.620605	17.598120	img__0_1546453145129831300.png
1546453145213	-60.816586	-129.486267	-0.606579	0.001128	-0.001606	0.000012	0.999998	1.000000	0.000000	0.000000	3	0	4404.663086	17.742483	img__0_1546453145210581300.png
1546453145291	-62.001961	-129.483612	-0.606628	0.001124	-0.001593	-0.000012	0.999998	1.000000	0.000000	0.000000	3	0	4428.496094	17.884857	img__0_1546453145289384200.png
1546453145377	-63.196938	-129.480850	-0.606403	0.001097	-0.001710	-0.000030	0.999998	1.000000	0.000000	0.000000	3	0	4452.856934	18.026089	img__0_1546453145373803700.png
1546453145463	-64.401070	-129.478119	-0.606395	0.001084	-0.001670	0.000004	0.999998	1.000000	0.000000	0.000000	3	0	4477.402344	18.166779	img__0_1546453145459689700.png
1546453145539	-65.615005	-129.475601	-0.606966	0.001089	-0.001969	-0.000119	0.999997	1.000000	0.000000	0.000000	3	0	4502.328613	18.305815	img__0_1546453145537365300.png
1546453145619	-66.838150	-129.473236	-0.607636	0.001112	-0.002245	-0.000516	0.999997	1.000000	0.000000	0.000000	3	0	4528.322266	18.444496	img__0_1546453145616873500.png
1546453145696	-68.069572	-129.470703	-0.608193	0.001090	-0.001822	-0.000923	0.999997	1.000000	0.000000	0.000000	3	0	4553.282715	18.583132	img__0_1546453145694160900.png
1546453145777	-69.309303	-129.467773	-0.607143	0.000985	-0.000822	-0.001198	0.999998	0.000000	0.000000	0.000000	3	0	4194.524414	18.716877	img__0_1546453145774144600.png
1546453145860	-70.559135	-129.464767	-0.607387	0.000963	-0.000981	-0.001130	0.999998	0.000000	0.000000	0.000000	3	0	3558.752441	18.817991	img__0_1546453145856882800.png
1546453145939	-71.815559	-129.461472	-0.605829	0.000964	-0.001662	-0.000643	0.999998	0.000000	0.000000	0.000000	0	0	3477.146729	18.818241	img__0_1546453145933474900.png
1546453146012	-73.069817	-129.458725	-0.606347	0.000953	-0.001314	-0.000119	0.999999	0.000000	0.000000	0.000000	0	0	3397.412354	18.803038	img__0_1546453146009249800.png
1546453146086	-74.322655	-129.456680	-0.605903	0.000907	-0.000803	0.000046	0.999999	1.000000	0.000000	0.000000	2	0	3172.790283	18.786463	img__0_1546453146083872200.png
1546453146171	-75.572823	-129.454498	-0.606370	0.000912	-0.000182	0.000227	1.000000	1.000000	0.000000	0.000000	2	0	3305.406006	18.705412	img__0_1546453146164114000.png
1546453146247	-76.818665	-129.452637	-0.605713	0.000971	-0.000126	0.000131	1.000000	1.000000	0.000000	0.000000	2	0	3615.695557	18.649397	img__0_1546453146243951200.png
1546453146324	-78.061302	-129.450455	-0.605852	0.000991	-0.000050	0.000084	1.000000	1.000000	0.000000	0.000000	2	0	3886.126465	18.626616	img__0_1546453146320016100.png
1546453146401	-79.303154	-129.448029	-0.605747	0.000983	-0.000145	0.000068	1.000000	1.000000	0.000000	0.000000	2	0	4123.191406	18.631634	img__0_1546453146397679800.png
1546453146476	-80.545670	-129.445587	-0.605796	0.000977	-0.000193	0.000077	1.000000	1.000000	0.000000	0.000000	2	0	4333.890625	18.658405	img__0_1546453146473487500.png
1546453146545	-81.790779	-129.443314	-0.606490	0.000984	-0.000618	-0.000074	0.999999	1.000000	0.000000	0.000000	2	0	4523.588379	18.701385	img__0_1546453146542176800.png
1546453146624	-83.038849	-129.441162	-0.607099	0.001007	-0.000920	-0.000510	0.999999	0.000000	0.000000	0.000000	2	0	4556.336426	18.758982	img__0_1546453146621397000.png
1546453146688	-84.290024	-129.438828	-0.607773	0.000985	-0.000677	-0.000949	0.999999	0.000000	0.000000	0.000000	2	0	4077.237305	18.807037	img__0_1546453146685709200.png
1546453146764	-85.542709	-129.436127	-0.606712	0.000961	0.000300	-0.001229	0.999999	0.000000	0.000000	0.000000	2	0	3582.684326	18.805643	img__0_1546453146761376300.png
1546453146839	-86.795700	-129.433273	-0.606977	0.000947	0.000295	-0.001125	0.999999	0.000000	0.000000	0.000000	2	0	3196.346191	18.755833	img__0_1546453146836031100.png
1546453146903	-88.045166	-129.429932	-0.605606	0.000954	-0.000067	-0.000454	0.999999	0.000000	0.000000	0.000000	2	0	2892.701172	18.666855	img__0_1546453146900268700.png
1546453146976	-89.287895	-129.427414	-0.606371	0.000911	-0.000180	0.000063	1.000000	0.000000	0.000000	0.000000	2	0	2651.799316	18.551294	img__0_1546453146972722500.png
1546453147045	-90.521622	-129.425659	-0.605564	0.000852	0.000416	0.000118	1.000000	0.000000	0.000000	1.000000	2	0	2441.647949	18.413866	img__0_1546453147043208700.png
1546453147117	-91.744499	-129.423676	-0.606132	0.000888	0.001069	0.000303	0.999999	0.000000	0.000000	1.000000	0	0	2385.658447	18.221666	img__0_1546453147113376700.png
1546453147186	-92.953278	-129.421982	-0.605318	0.000965	0.001371	0.000187	0.999999	0.000000	0.000000	1.000000	0	0	2330.952881	17.875151	img__0_1546453147183497800.png
1546453147259	-94.135994	-129.420013	-0.605283	0.001008	0.002189	0.000089	0.999997	0.000000	0.000000	1.000000	1	0	2176.936768	17.432705	img__0_1546453147256807400.png
1546453147328	-95.288429	-129.417740	-0.604938	0.001035	0.002851	0.000090	0.999995	0.000000	0.000000	1.000000	1	0	1961.737305	16.907330	img__0_1546453147326327900.png
1546453147398	-96.405846	-129.415482	-0.604769	0.001064	0.003479	0.000089	0.999993	0.000000	0.000000	1.000000	1	0	1776.215820	16.375565	img__0_1546453147395525500.png
1546453147465	-97.488113	-129.413330	-0.605014	0.001094	0.003806	-0.000001	0.999992	0.000000	0.000000	1.000000	1	0	1616.352051	15.837674	img__0_1546453147462587300.png
1546453147531	-98.534958	-129.411438	-0.605892	0.001139	0.003771	-0.000390	0.999992	0.000000	0.000000	1.000000	1	0	1476.702271	15.298969	img__0_1546453147529280800.png
1546453147606	-99.545082	-129.409210	-0.605803	0.001190	0.004288	-0.000692	0.999990	0.000000	0.000000	0.000000	1	0	1409.652222	14.820118	img__0_1546453147603294800.png
1546453147678	-100.526474	-129.407074	-0.606538	0.001177	0.004455	-0.001145	0.999989	0.000000	0.000000	0.000000	1	0	1394.692017	14.506484	img__0_1546453147676043200.png
1546453147750	-101.486572	-129.404251	-0.605771	0.001159	0.004767	-0.001072	0.999987	0.000000	0.000000	0.000000	1	0	1382.838623	14.191990	img__0_1546453147747073400.png
1546453147818	-102.426384	-129.402328	-0.605760	0.000425	0.004686	-0.001069	0.999988	0.000000	0.000000	0.000000	1	0	1356.372803	13.910734	img__0_1546453147814698100.png
1546453147883	-103.349060	-129.399536	-0.604291	0.001902	0.003664	-0.000612	0.999991	0.000000	0.000000	0.000000	1	0	1340.103516	13.615337	img__0_1546453147879857600.png
1546453147946	-104.251602	-129.395767	-0.604651	0.004373	0.003610	-0.000087	0.999984	1.000000	0.000000	0.000000	1	0	1351.093994	13.359226	img__0_1546453147944072600.png
1546453148019	-105.135445	-129.389877	-0.604682	0.005454	0.003653	0.000318	0.999978	1.000000	0.000000	0.000000	1	0	1564.803223	13.059986	img__0_1546453148014947000.png
1546453148086	-106.000488	-129.382568	-0.604740	0.004288	0.003511	0.000584	0.999984	1.000000	0.000000	0.000000	1	0	1936.260254	12.820105	img__0_1546453148079691300.png
1546453148155	-106.849030	-129.375244	-0.604781	0.003877	0.003411	0.000593	0.999986	1.000000	0.000000	0.000000	1	0	2354.468750	12.580996	img__0_1546453148152240300.png
1546453148221	-107.682426	-129.366318	-0.604966	0.006038	0.003152	0.000584	0.999977	1.000000	-0.500000	0.000000	1	0	2741.186523	12.387639	img__0_1546453148219803900.png
1546453148287	-108.502403	-129.345932	-0.604910	0.009958	0.003039	0.001347	0.999945	1.000000	-0.500000	0.000000	1	0	3116.498047	12.197377	img__0_1546453148283989800.png
1546453148352	-109.309341	-129.307388	-0.604964	0.019309	0.002906	0.002675	0.999806	1.000000	-0.500000	0.000000	1	0	3469.689453	12.028464	img__0_1546453148349863500.png
1546453148418	-110.103973	-129.244232	-0.605043	0.034932	0.002784	0.004459	0.999376	1.000000	-0.500000	0.000000	1	0	3802.848145	11.891516	img__0_1546453148413420500.png
1546453148481	-110.887520	-129.155502	-0.605125	0.053405	0.002686	0.006276	0.998549	1.000000	-0.500000	0.000000	1	0	4115.453613	11.785597	img__0_1546453148478580800.png
1546453148553	-111.659126	-129.039505	-0.605217	0.073047	0.002641	0.008000	0.997293	1.000000	-0.500000	0.000000	1	0	4407.422363	11.708910	img__0_1546453148550559600.png
1546453148623	-112.418892	-128.894928	-0.605307	0.093172	0.002653	0.009550	0.995601	1.000000	-0.500000	0.000000	1	0	4681.187500	11.658282	img__0_1546453148621017800.png
1546453148696	-113.167976	-128.720947	-0.605386	0.113510	0.002728	0.010864	0.993474	1.000000	-0.500000	0.000000	1	0	4941.298828	11.626261	img__0_1546453148693754800.png
1546453148773	-114.273598	-128.403870	-0.605560	0.144497	0.002665	0.012369	0.989424	1.000000	-0.500000	1.000000	0	0	4956.860840	11.325853	img__0_1546453148770656300.png
1546453148840	-114.630661	-128.285690	-0.605334	0.154176	0.003657	0.012567	0.987957	1.000000	-0.500000	1.000000	0	0	4900.199219	11.271376	img__0_1546453148838426500.png
1546453148909	-115.322342	-128.033173	-0.605130	0.174295	0.004727	0.012847	0.984598	1.000000	-0.500000	0.000000	2	0	4475.920410	10.672491	img__0_1546453148906668300.png
1546453148980	-115.965485	-127.767006	-0.604897	0.196701	0.005894	0.012855	0.980361	1.000000	-0.500000	0.000000	2	0	4617.966309	10.098884	img__0_1546453148977359600.png
1546453149052	-116.561371	-127.484901	-0.604759	0.222002	0.006806	0.012975	0.974936	1.000000	-0.500000	0.000000	2	0	4703.803223	10.029671	img__0_1546453149048097800.png
1546453149124	-117.148285	-127.164413	-0.605229	0.245470	0.005709	0.013957	0.969287	1.000000	-0.500000	0.000000	2	0	4723.973633	10.228114	img__0_1546453149121242100.png
1546453149197	-117.727226	-126.808182	-0.605477	0.267228	0.005286	0.014581	0.963509	1.000000	-0.500000	0.000000	2	0	4740.363770	10.429251	img__0_1546453149194206700.png
1546453149274	-118.299034	-126.419380	-0.605633	0.288323	0.005084	0.014733	0.957406	1.000000	-0.500000	0.000000	2	0	4757.763672	10.619056	img__0_1546453149271426100.png
1546453149354	-118.863419	-125.998886	-0.605767	0.309117	0.004893	0.014633	0.950899	1.000000	-0.500000	0.000000	2	0	4777.490723	10.805585	img__0_1546453149351852000.png
1546453149448	-119.428825	-125.526794	-0.635859	0.330213	-0.007141	0.025543	0.943534	1.000000	-0.500000	0.000000	2	0	4831.400391	10.942527	img__0_1546453149441443500.png
1546453149538	-119.970291	-125.048973	-0.629435	0.351268	-0.001425	0.029406	0.935812	1.000000	-0.500000	0.000000	2	0	4862.184570	11.120034	img__0_1546453149532953800.png
1546453149615	-120.506142	-124.542664	-0.629457	0.371504	0.000230	0.030587	0.927927	1.000000	-0.500000	0.000000	2	0	4884.504395	11.296048	img__0_1546453149611838800.png
1546453149700	-121.019249	-124.000435	-0.690079	0.391729	0.004995	0.033919	0.919442	1.000000	-0.500000	0.000000	2	0	4942.851074	11.419033	img__0_1546453149697289200.png
1546453149803	-121.527290	-123.432823	-0.674639	0.411486	0.004467	0.035314	0.910721	1.000000	-0.500000	0.000000	2	0	4967.410156	11.608719	img__0_1546453149800152900.png
1546453149901	-121.999741	-122.848534	-0.646440	0.429536	0.020573	0.034142	0.902170	1.000000	-0.500000	0.000000	2	0	5010.694824	11.765442	img__0_1546453149895152800.png
1546453149990	-122.484482	-122.240631	-0.670917	0.447643	0.021815	0.025615	0.893579	1.000000	-0.500000	0.000000	2	0	5075.487793	11.900059	img__0_1546453149987747300.png
1546453150100	-122.942772	-121.593819	-0.675168	0.464280	0.021434	0.024526	0.885089	1.000000	-0.500000	0.000000	0	0	5146.197266	11.985167	img__0_1546453150095496800.png
1546453150201	-123.375679	-120.906967	-0.648280	0.482758	0.013267	0.037221	0.874862	1.000000	-0.500000	0.000000	0	0	5028.190430	11.925198	img__0_1546453150197668000.png
1546453150303	-123.775253	-120.229874	-0.650862	0.500025	0.020685	0.042470	0.864722	1.000000	-0.500000	0.000000	3	0	4498.468262	11.891868	img__0_1546453150300421400.png
1546453150411	-124.155014	-119.540810	-0.652568	0.515677	0.026019	0.044470	0.855233	1.000000	-0.500000	0.000000	3	0	4589.205566	11.949443	img__0_1546453150408880600.png
1546453150530	-124.512749	-118.835594	-0.649704	0.530314	0.028615	0.043483	0.846202	1.000000	-0.500000	0.000000	3	0	4744.092285	11.951974	img__0_1546453150527234800.png
1546453150644	-124.853531	-118.118767	-0.639335	0.546294	0.027006	0.039291	0.836235	1.000000	-0.500000	0.000000	3	0	4852.863770	12.014702	img__0_1546453150641986900.png
1546453150774	-125.165787	-117.378922	-0.630655	0.562858	0.022953	0.033665	0.825549	1.000000	-0.500000	0.000000	3	0	4781.043457	12.203557	img__0_1546453150771036500.png
1546453150902	-125.440514	-116.611290	-0.625875	0.578862	0.020267	0.029283	0.814647	1.000000	-0.500000	0.000000	3	0	4703.649414	12.400013	img__0_1546453150896532000.png
1546453151025	-125.685974	-115.819916	-0.621179	0.594857	0.017720	0.025239	0.803240	1.000000	-0.500000	0.000000	3	0	4629.486816	12.596297	img__0_1546453151023755700.png
1546453151157	-125.901733	-115.006264	-0.617614	0.610913	0.015521	0.021809	0.791245	1.000000	-0.500000	0.000000	3	0	4560.833496	12.789807	img__0_1546453151154380600.png
1546453151294	-126.087227	-114.171913	-0.614905	0.626995	0.013793	0.019112	0.778667	1.000000	-0.500000	0.000000	3	0	4499.281738	12.978237	img__0_1546453151291367400.png
1546453151437	-126.241371	-113.318451	-0.612845	0.643046	0.012549	0.017106	0.765533	1.000000	-0.500000	0.000000	3	0	4445.450684	13.160127	img__0_1546453151433484600.png
1546453151587	-126.365952	-112.447388	-0.611280	0.658067	0.011517	0.015551	0.752711	1.000000	-0.500000	0.000000	3	0	4392.020508	13.350654	img__0_1546453151583994600.png
1546453151743	-126.460251	-111.560516	-0.610088	0.672111	0.010903	0.014391	0.740230	1.000000	0.000000	0.000000	3	0	4349.823242	13.527379	img__0_1546453151741452900.png
1546453151900	-126.530319	-110.658592	-0.609182	0.683671	0.010028	0.013258	0.729601	1.000000	0.000000	0.000000	3	0	4304.356934	13.721148	img__0_1546453151895369000.png
1546453152056	-126.590874	-109.742714	-0.608503	0.689106	0.008566	0.011680	0.724515	1.000000	-0.500000	0.000000	3	0	4265.926270	13.907035	img__0_1546453152053724900.png
1546453152220	-126.630699	-108.813797	-0.607984	0.694541	0.007605	0.010548	0.719335	1.000000	-0.500000	0.000000	3	0	4242.878906	14.072497	img__0_1546453152213062500.png
1546453152377	-126.643745	-107.873650	-0.607574	0.703123	0.007282	0.009934	0.710961	1.000000	0.000000	0.000000	3	0	4223.091309	14.238256	img__0_1546453152373358100.png
1546453152540	-126.639915	-106.921616	-0.607270	0.710942	0.006642	0.009204	0.703159	1.000000	0.000000	0.000000	3	0	4198.996094	14.418262	img__0_1546453152537040400.png
1546453152705	-126.632851	-105.957489	-0.607037	0.713668	0.005410	0.007977	0.700418	1.000000	0.500000	0.000000	3	0	4221.029297	14.557901	img__0_1546453152702401800.png
1546453152877	-126.622002	-104.985855	-0.601783	0.713700	0.005362	0.005507	0.700409	1.000000	0.000000	0.000000	3	0	4217.396973	14.722910	img__0_1546453152874100400.png
1546453153039	-126.606712	-104.001648	-0.601364	0.713547	0.004533	0.004109	0.700581	1.000000	0.000000	0.000000	3	0	4201.509277	14.900594	img__0_1546453153036707400.png
1546453153207	-126.591385	-103.000694	-0.594429	0.712962	0.000944	0.005474	0.701181	1.000000	0.500000	0.000000	3	0	4196.781738	15.063414	img__0_1546453153204454900.png
1546453153373	-126.587303	-101.994812	-0.595682	0.709149	0.000138	0.003344	0.705051	1.000000	0.500000	0.000000	3	0	4199.395996	15.211404	img__0_1546453153371852000.png
1546453153535	-126.599457	-100.977943	-0.595775	0.702457	-0.001278	0.001600	0.711723	1.000000	0.000000	0.000000	3	0	4196.319824	15.376728	img__0_1546453153533739000.png
1546453153693	-126.614037	-99.950096	-0.595822	0.698982	-0.002029	0.000722	0.715136	1.000000	0.000000	0.000000	3	0	4194.472168	15.540713	img__0_1546453153690462100.png
1546453153855	-126.633583	-98.911423	-0.595862	0.697639	-0.002499	0.000186	0.716445	1.000000	0.000000	0.000000	3	0	4195.695801	15.702085	img__0_1546453153852686700.png
1546453154021	-126.657578	-97.862167	-0.595892	0.697164	-0.002718	-0.000076	0.716906	1.000000	0.500000	0.000000	3	0	4201.254395	15.859062	img__0_1546453154018658600.png
1546453154171	-126.687653	-96.802635	-0.595915	0.696144	-0.002843	-0.000243	0.717896	1.000000	0.000000	0.000000	3	0	4208.044434	16.016304	img__0_1546453154169441600.png
1546453154327	-126.719101	-95.732712	-0.595931	0.695756	-0.002718	-0.000144	0.718273	1.000000	0.000000	0.000000	3	0	4217.101074	16.171486	img__0_1546453154324401800.png
1546453154481	-126.752197	-94.652534	-0.595944	0.695622	-0.002513	0.000040	0.718404	1.000000	0.000000	0.000000	3	0	4228.313477	16.324886	img__0_1546453154477477600.png
1546453154640	-126.786499	-93.562195	-0.595953	0.695583	-0.002282	0.000253	0.718442	1.000000	0.000000	0.000000	3	0	4241.444336	16.476662	img__0_1546453154638307300.png
1546453154799	-126.821625	-92.461792	-0.595959	0.695576	-0.002055	0.000463	0.718450	1.000000	0.000000	0.000000	3	0	4256.280762	16.626947	img__0_1546453154796661600.png
1546453154955	-126.857330	-91.351418	-0.595963	0.695577	-0.001852	0.000649	0.718449	1.000000	0.000000	0.000000	3	0	4272.628418	16.775883	img__0_1546453154952352100.png
1546453155114	-126.893494	-90.231140	-0.595965	0.695578	-0.001682	0.000803	0.718448	1.000000	0.000000	0.000000	3	0	4290.313477	16.923584	img__0_1546453155110452300.png
1546453155275	-126.930222	-89.096092	-0.603091	0.695566	-0.004133	0.003425	0.718442	1.000000	0.000000	0.000000	3	0	4333.561035	17.045208	img__0_1546453155272222400.png
1546453155431	-126.967064	-87.958679	-0.601610	0.695562	-0.003353	0.002858	0.718453	1.000000	0.000000	0.000000	3	0	4349.485352	17.197165	img__0_1546453155425718800.png
1546453155587	-127.003563	-86.814812	-0.609348	0.695554	-0.000407	0.000914	0.718474	1.000000	0.000000	0.000000	3	0	4367.393555	17.347439	img__0_1546453155583653400.png
1546453155739	-127.039795	-85.655426	-0.608036	0.695982	-0.000792	0.001819	0.718056	1.000000	-0.500000	0.000000	3	0	4393.392578	17.486139	img__0_1546453155735843500.png
1546453155891	-127.068054	-84.488434	-0.608449	0.698397	0.000381	0.002329	0.715707	1.000000	0.000000	0.000000	3	0	4416.359863	17.628222	img__0_1546453155887760000.png
1546453156043	-127.097694	-83.311592	-0.607710	0.699485	0.000586	0.002169	0.714644	1.000000	0.000000	0.000000	3	0	4436.238281	17.772034	img__0_1546453156040346800.png
1546453156200	-127.125496	-82.124306	-0.607040	0.699934	0.000217	0.002292	0.714204	1.000000	0.000000	0.000000	3	0	4457.943359	17.914555	img__0_1546453156194491000.png
1546453156355	-127.151909	-80.927628	-0.606321	0.700100	-0.000342	0.002050	0.714042	1.000000	0.000000	0.000000	3	0	4479.982422	18.056662	img__0_1546453156352602400.png
1546453156504	-127.176765	-79.721779	-0.606317	0.700145	-0.000554	0.001818	0.713998	1.000000	0.000000	0.000000	3	0	4502.626465	18.197849	img__0_1546453156500883100.png
1546453156658	-127.201019	-78.506363	-0.606481	0.700145	-0.000734	0.001762	0.713998	1.000000	0.000000	0.000000	3	0	4526.239746	18.337816	img__0_1546453156654637200.png
1546453156804	-127.225288	-77.281837	-0.606293	0.700135	-0.000816	0.001576	0.714008	1.000000	0.000000	0.000000	3	0	4549.052246	18.478231	img__0_1546453156802119300.png
1546453156957	-127.249741	-76.047462	-0.607247	0.700165	-0.001303	0.001522	0.713978	1.000000	0.000000	0.000000	3	0	4574.302734	18.616917	img__0_1546453156953239900.png
1546453157107	-127.273750	-74.804924	-0.606077	0.700150	-0.000998	0.001143	0.713994	1.000000	0.000000	0.000000	3	0	4598.127930	18.756306	img__0_1546453157104303400.png
1546453157253	-127.299370	-73.555786	-0.603638	0.700168	-0.000262	-0.001198	0.713977	1.000000	0.000000	0.000000	3	0	4636.189941	18.886105	img__0_1546453157249413800.png
1546453157399	-127.322479	-72.294533	-0.600783	0.700105	0.000168	-0.000661	0.714039	1.000000	0.000000	0.000000	3	0	4658.498047	19.024305	img__0_1546453157394667300.png
1546453157543	-127.347153	-71.019470	-0.593946	0.700074	-0.002140	0.002009	0.714064	1.000000	0.000000	0.000000	3	0	4685.320801	19.157906	img__0_1546453157540788800.png
1546453157687	-127.372353	-69.741249	-0.595308	0.700053	-0.001416	0.001433	0.714088	1.000000	0.000000	0.000000	3	0	4709.387695	19.295269	img__0_1546453157685112700.png
1546453157825	-127.397911	-68.453026	-0.595474	0.700038	-0.001224	0.001280	0.714104	1.000000	0.000000	0.000000	3	0	4733.538086	19.433538	img__0_1546453157822986600.png
1546453157969	-127.423721	-67.155457	-0.595579	0.700027	-0.001170	0.001229	0.714115	1.000000	0.000000	0.000000	3	0	4758.106934	19.570837	img__0_1546453157965547500.png
1546453158110	-127.451523	-65.848824	-0.595662	0.699493	-0.001247	0.001098	0.714637	1.000000	0.500000	0.000000	3	0	4786.670410	19.701216	img__0_1546453158107567800.png
1546453158248	-127.486992	-64.533615	-0.595726	0.697129	-0.001573	0.000738	0.716943	1.000000	0.000000	0.000000	3	0	4811.860352	19.837219	img__0_1546453158246194000.png
1546453158382	-127.523216	-63.209370	-0.595777	0.695967	-0.001696	0.000598	0.718071	1.000000	0.000000	0.000000	3	0	4836.680176	19.972622	img__0_1546453158379578800.png
1546453158519	-127.562218	-61.876186	-0.595816	0.695422	-0.001795	0.000486	0.718599	1.000000	0.000000	0.000000	3	0	4861.688965	20.107578	img__0_1546453158516132400.png
1546453158651	-127.601913	-60.534077	-0.595844	0.695704	-0.001745	0.000525	0.718326	1.000000	-0.500000	0.000000	0	0	5006.764160	20.237066	img__0_1546453158647731800.png
1546453158782	-127.635895	-59.186024	-0.595782	0.697958	-0.001185	0.000666	0.716137	1.000000	0.000000	0.000000	0	0	4891.954102	20.218103	img__0_1546453158779824200.png
1546453158915	-127.670425	-57.839325	-0.595717	0.699056	-0.000784	0.000644	0.715066	1.000000	0.000000	0.000000	0	0	4779.776855	20.198839	img__0_1546453158911279600.png
1546453159042	-127.703072	-56.491619	-0.600739	0.699561	-0.001674	0.001898	0.714568	1.000000	0.000000	0.000000	4	0	4222.802734	20.272566	img__0_1546453159040001400.png
1546453159171	-127.733475	-55.140816	-0.609538	0.699780	0.000226	0.000856	0.714358	1.000000	0.000000	0.000000	4	0	4132.111816	20.429115	img__0_1546453159169337000.png
1546453159300	-127.763672	-53.776123	-0.607261	0.699894	-0.000058	0.001491	0.714245	1.000000	0.000000	0.000000	4	0	4059.170898	20.577229	img__0_1546453159298192900.png
1546453159427	-127.792702	-52.402699	-0.607939	0.699919	0.000402	0.001514	0.714221	0.000000	0.000000	0.000000	4	0	3873.217041	20.721098	img__0_1546453159425037300.png
1546453159553	-127.822319	-51.018387	-0.606314	0.699926	-0.000410	0.001793	0.714213	0.000000	0.000000	0.000000	4	0	3297.187256	20.845612	img__0_1546453159551602800.png
1546453159680	-127.851257	-49.627701	-0.606383	0.699903	-0.000565	0.001419	0.714236	0.000000	0.000000	1.000000	4	0	2695.304688	20.880991	img__0_1546453159677582100.png
1546453159805	-127.879639	-48.238335	-0.606181	0.699890	-0.000317	0.000896	0.714250	0.000000	0.000000	1.000000	4	0	2183.340332	20.730415	img__0_1546453159803009100.png
1546453159936	-127.907578	-46.862469	-0.605896	0.699889	0.000210	0.000201	0.714251	0.000000	0.000000	1.000000	4	0	1769.929321	20.406010	img__0_1546453159932664300.png
1546453160065	-127.934998	-45.509785	-0.605607	0.699897	0.000805	-0.000503	0.714243	0.000000	0.000000	1.000000	4	0	1478.384521	20.023657	img__0_1546453160060930600.png
1546453160199	-127.961876	-44.182949	-0.605365	0.699909	0.001318	-0.001089	0.714230	0.000000	0.000000	1.000000	4	0	1269.356567	19.612158	img__0_1546453160192272800.png
1546453160317	-127.988159	-42.883724	-0.605165	0.699925	0.001754	-0.001570	0.714213	0.000000	0.000000	1.000000	4	0	1117.936890	19.181288	img__0_1546453160314640500.png
1546453160436	-128.013840	-41.613289	-0.605002	0.699942	0.002117	-0.001961	0.714194	0.000000	0.000000	1.000000	4	0	1006.980530	18.737299	img__0_1546453160434366600.png
1546453160555	-128.038879	-40.372478	-0.604869	0.699961	0.002418	-0.002276	0.714173	0.000000	0.000000	1.000000	4	0	924.517273	18.284517	img__0_1546453160553394900.png
1546453160674	-128.063248	-39.161835	-0.604763	0.699981	0.002663	-0.002528	0.714152	0.000000	0.000000	0.000000	0	0	923.097168	17.898298	img__0_1546453160672829200.png
1546453160793	-128.087219	-37.968773	-0.604940	0.699998	0.002179	-0.002057	0.714138	1.000000	0.000000	0.000000	0	0	901.929504	17.876259	img__0_1546453160791740200.png
1546453160913	-128.111176	-36.776760	-0.605398	0.700009	0.001562	-0.001538	0.714131	1.000000	0.000000	0.000000	0	0	881.247375	17.856888	img__0_1546453160909330500.png
1546453161031	-128.134857	-35.586514	-0.605223	0.700027	0.001303	-0.001274	0.714114	1.000000	0.000000	0.000000	3	0	1229.599121	17.722223	img__0_1546453161028473200.png
1546453161147	-128.158401	-34.408958	-0.605536	0.700034	0.001455	-0.001504	0.714106	1.000000	0.000000	0.000000	3	0	1740.764038	17.546021	img__0_1546453161145464000.png
1546453161265	-128.181503	-33.241299	-0.605222	0.700030	0.001257	-0.001263	0.714112	1.000000	0.000000	0.000000	3	0	2160.076416	17.430712	img__0_1546453161263068700.png
1546453161382	-128.204575	-32.080471	-0.605328	0.700030	0.001116	-0.001061	0.714112	0.000000	0.000000	1.000000	3	0	2171.305176	17.313635	img__0_1546453161380837500.png
1546453161502	-128.227783	-30.929209	-0.606270	0.700037	0.000687	-0.000973	0.714105	0.000000	0.000000	1.000000	3	0	1870.285645	17.076406	img__0_1546453161499975300.png
1546453161618	-128.250565	-29.797167	-0.606376	0.700051	0.000700	-0.001524	0.714091	0.000000	0.000000	1.000000	3	0	1592.421387	16.699446	img__0_1546453161614628200.png
1546453161734	-128.272736	-28.692020	-0.607095	0.700039	0.001083	-0.002494	0.714100	0.000000	0.000000	0.000000	3	0	1421.093384	16.288609	img__0_1546453161732229500.png
1546453161857	-128.294418	-27.611288	-0.607377	0.700045	0.000840	-0.003063	0.714092	0.000000	0.000000	0.000000	3	0	1413.392090	16.038618	img__0_1546453161854761000.png
1546453161979	-128.314728	-26.544037	-0.606318	0.700042	0.001135	-0.002859	0.714095	0.000000	0.000000	0.000000	3	0	1428.618042	15.890028	img__0_1546453161974495300.png
1546453162097	-128.335007	-25.490395	-0.599438	0.700174	0.003618	-0.005002	0.713946	0.000000	-0.500000	0.000000	3	0	1422.984131	15.753889	img__0_1546453162092095000.png
1546453162221	-128.347122	-24.440077	-0.599562	0.702335	0.003504	-0.003147	0.711831	0.000000	0.000000	0.000000	3	0	1428.194702	15.613042	img__0_1546453162218150500.png
1546453162324	-128.360947	-23.400610	-0.599757	0.703265	0.003449	-0.002588	0.710914	1.000000	0.000000	0.000000	3	0	1475.070923	15.472839	img__0_1546453162322193300.png
1546453162445	-128.373734	-22.368404	-0.594430	0.703749	0.002128	-0.001083	0.710445	1.000000	-0.500000	0.000000	3	0	1675.409180	15.348738	img__0_1546453162441127200.png
1546453162564	-128.377914	-21.345881	-0.594465	0.705914	0.002086	-0.000271	0.708294	1.000000	-0.500000	0.000000	0	0	1972.344604	15.254066	img__0_1546453162559521200.png
1546453162678	-128.363510	-20.327888	-0.594735	0.712007	0.002648	0.000978	0.702167	1.000000	-0.500000	0.000000	0	0	1927.116821	15.226673	img__0_1546453162674625000.png
1546453162789	-128.321533	-19.313515	-0.594918	0.722499	0.003957	0.002500	0.691356	1.000000	-0.500000	0.000000	0	0	1882.926147	15.185809	img__0_1546453162787032500.png
1546453162906	-128.246780	-18.304152	-0.595060	0.735978	0.005630	0.004152	0.676970	1.000000	-0.500000	0.000000	2	0	2027.437622	15.074786	img__0_1546453162904802100.png
1546453163021	-128.138504	-17.308191	-0.595069	0.750331	0.007609	0.005396	0.660996	1.000000	-0.500000	0.000000	2	0	2416.641357	14.927605	img__0_1546453163019667400.png
1546453163142	-127.992973	-16.326059	-0.595122	0.764999	0.009463	0.006675	0.643927	1.000000	-0.500000	0.000000	2	0	2752.242432	14.821248	img__0_1546453163140812100.png
1546453163275	-127.810287	-15.356306	-0.595195	0.778921	0.010976	0.007750	0.626978	1.000000	0.000000	0.000000	2	0	3043.849609	14.773409	img__0_1546453163273050700.png
1546453163412	-127.605850	-14.392722	-0.595264	0.787569	0.011222	0.008006	0.616072	1.000000	0.000000	0.000000	2	0	3293.066650	14.772723	img__0_1546453163407689200.png
1546453163545	-127.382446	-13.432754	-0.595352	0.791662	0.010801	0.007861	0.610813	1.000000	-0.500000	0.000000	2	0	3512.443604	14.795362	img__0_1546453163541322300.png
1546453163681	-127.132202	-12.478007	-0.595428	0.796287	0.010526	0.007774	0.604778	1.000000	-0.500000	0.000000	2	0	3709.576172	14.826556	img__0_1546453163678290500.png
1546453163818	-126.852089	-11.529651	-0.595490	0.803619	0.010528	0.007769	0.595000	1.000000	-0.500000	0.000000	2	0	3889.563477	14.859232	img__0_1546453163815866900.png
1546453163958	-126.537842	-10.589795	-0.595545	0.814007	0.010920	0.007937	0.580699	1.000000	-0.500000	0.000000	2	0	4052.559326	14.905998	img__0_1546453163955566000.png
1546453164102	-126.188416	-9.656446	-0.599122	0.825958	0.009869	0.009225	0.563569	1.000000	-0.500000	0.000000	2	0	4202.641113	14.961482	img__0_1546453164099495700.png
1546453164249	-125.803329	-8.735085	-0.601003	0.837581	0.010618	0.010053	0.546118	1.000000	-0.500000	0.000000	2	0	4345.021973	15.022166	img__0_1546453164246505100.png
1546453164400	-125.380203	-7.825530	-0.602641	0.849452	0.010942	0.011044	0.527438	1.000000	-0.500000	0.000000	2	0	4473.960938	15.087219	img__0_1546453164397972300.png
1546453164549	-124.919167	-6.934778	-0.609622	0.861218	0.012988	0.009086	0.507988	1.000000	-0.500000	0.000000	2	0	4594.875488	15.153692	img__0_1546453164545846100.png
1546453164704	-124.418991	-6.056526	-0.609326	0.873268	0.014127	0.009500	0.486942	1.000000	-0.500000	0.000000	2	0	4709.864746	15.215634	img__0_1546453164701410200.png
1546453164851	-123.876534	-5.200316	-0.611505	0.884586	0.015775	0.008986	0.466024	1.000000	-0.500000	0.000000	2	0	4818.461914	15.284657	img__0_1546453164850070400.png
1546453165002	-123.293198	-4.364386	-0.610836	0.895442	0.016983	0.009148	0.444759	1.000000	-0.500000	0.000000	2	0	4922.500977	15.355297	img__0_1546453164999617300.png
1546453165162	-122.668297	-3.553079	-0.610578	0.905736	0.018129	0.009244	0.423353	1.000000	-0.500000	0.000000	0	0	4995.729492	15.346904	img__0_1546453165157633100.png
1546453165321	-122.010635	-2.772891	-0.608935	0.915240	0.018976	0.008153	0.402381	1.000000	-0.500000	0.000000	0	0	4881.172363	15.286195	img__0_1546453165318443600.png
1546453165474	-121.318398	-2.028535	-0.607575	0.924479	0.020013	0.007520	0.380634	1.000000	-0.500000	0.000000	3	0	4395.370117	15.220103	img__0_1546453165472587300.png
1546453165632	-120.591888	-1.318341	-0.607618	0.933384	0.020616	0.007622	0.358205	1.000000	-0.500000	0.000000	3	0	4402.879883	15.323530	img__0_1546453165630477200.png
1546453165791	-119.828033	-0.636886	-0.605798	0.941791	0.020409	0.008087	0.335483	1.000000	-0.500000	0.000000	3	0	4413.329590	15.424581	img__0_1546453165788506100.png
1546453165948	-119.026878	0.009158	-0.605894	0.949333	0.021041	0.007904	0.313467	1.000000	-0.500000	0.000000	3	0	4425.355469	15.525423	img__0_1546453165943573000.png
1546453166113	-118.191429	0.621495	-0.605971	0.956334	0.021403	0.007588	0.291393	1.000000	-0.500000	0.000000	3	0	4438.412109	15.625239	img__0_1546453166108768700.png
1546453166271	-117.323051	1.198180	-0.606031	0.962819	0.021653	0.007201	0.269180	1.000000	-0.500000	0.000000	3	0	4452.074219	15.724204	img__0_1546453166269207900.png
1546453166442	-116.423378	1.737561	-0.606077	0.968802	0.021852	0.006771	0.246779	1.000000	-0.500000	0.000000	3	0	4466.336914	15.822096	img__0_1546453166438545400.png
1546453166613	-115.494118	2.238048	-0.606113	0.974281	0.022032	0.006315	0.224169	1.000000	-0.500000	0.000000	3	0	4478.891113	15.931289	img__0_1546453166610258900.png
1546453166783	-114.531357	2.719000	-0.632837	0.978905	0.009114	0.013983	0.203631	1.000000	-0.500000	0.000000	3	0	4528.462402	15.997218	img__0_1546453166780399000.png
1546453166950	-113.552048	3.145901	-0.632063	0.983133	0.003995	0.012956	0.182386	1.000000	-0.500000	0.000000	3	0	4545.143066	16.093018	img__0_1546453166946311500.png
1546453167123	-112.563240	3.538658	-0.658056	0.987321	-0.010541	0.001298	0.158378	1.000000	-0.500000	0.000000	3	0	4574.522461	16.174694	img__0_1546453167119634300.png
1546453167291	-111.514938	3.878138	-0.691034	0.990624	-0.011889	0.016856	0.135052	1.000000	-0.500000	0.000000	3	0	4609.568359	16.241320	img__0_1546453167289302200.png
1546453167463	-110.473671	4.167324	-0.683447	0.993778	-0.005920	0.013124	0.110447	1.000000	-0.500000	0.000000	3	0	4638.358887	16.324383	img__0_1546453167458025700.png
1546453167635	-109.431519	4.397219	-0.714065	0.996040	0.008737	-0.003392	0.088408	1.000000	-0.500000	0.000000	3	0	4645.978027	16.426130	img__0_1546453167631248400.png
1546453167807	-108.348152	4.596214	-0.707335	0.997696	0.019202	0.001194	0.065052	1.000000	-0.500000	0.000000	3	0	4679.118164	16.494053	img__0_1546453167802369500.png
1546453167979	-107.257965	4.753948	-0.706152	0.998863	0.023492	0.001925	0.041446	1.000000	-0.500000	0.000000	3	0	4713.995117	16.551556	img__0_1546453167973915600.png
1546453168146	-106.158882	4.863683	-0.705377	0.999520	0.025217	0.001657	0.017910	1.000000	-0.500000	0.000000	3	0	4743.220703	16.614161	img__0_1546453168141978100.png
1546453168304	-105.051834	4.920646	-0.704786	0.999648	0.025982	0.001134	-0.005212	1.000000	-0.500000	0.000000	3	0	4765.087402	16.683817	img__0_1546453168300327400.png
1546453168463	-103.945747	4.929215	-0.694145	0.999314	0.026163	-0.004579	-0.025798	1.000000	-0.500000	0.000000	3	0	4799.514648	16.756107	img__0_1546453168458098300.png
1546453168625	-102.827217	4.885158	-0.695893	0.998537	0.026513	-0.003803	-0.046977	1.000000	-0.500000	0.000000	3	0	4826.311523	16.826830	img__0_1546453168622105100.png
1546453168790	-101.699448	4.799437	-0.688416	0.997266	0.025441	0.002107	-0.069347	1.000000	-0.500000	0.000000	3	0	4864.190918	16.885080	img__0_1546453168787606400.png
1546453168947	-100.582970	4.660964	-0.690032	0.995406	0.025319	0.000295	-0.092335	1.000000	-0.500000	0.000000	3	0	4878.868164	16.955578	img__0_1546453168943782200.png
1546453169099	-99.467506	4.469940	-0.690013	0.993081	0.025441	-0.000561	-0.114640	1.000000	0.000000	0.000000	0	0	4952.818848	17.004082	img__0_1546453169095597400.png
1546453169246	-98.358330	4.244699	-0.691501	0.991081	0.023345	-0.001781	-0.131184	1.000000	0.000000	0.000000	0	0	4839.245605	16.956333	img__0_1546453169243163000.png
1546453169394	-97.258888	3.993574	-0.686876	0.990041	0.019700	-0.003998	-0.139333	1.000000	0.000000	0.000000	4	0	4256.467773	16.935596	img__0_1546453169390647100.png
1546453169546	-96.165329	3.719161	-0.680236	0.989745	0.013927	-0.006107	-0.142030	1.000000	0.000000	0.000000	4	0	4183.996094	17.027443	img__0_1546453169542949700.png
1546453169695	-95.052879	3.431355	-0.659497	0.989226	0.002829	0.003601	-0.146321	1.000000	0.000000	0.000000	4	0	4067.560303	17.188583	img__0_1546453169690696700.png
1546453169842	-93.947456	3.123176	-0.657529	0.989118	-0.008001	0.003716	-0.146860	1.000000	0.500000	0.000000	4	0	3944.047607	17.367760	img__0_1546453169838609200.png
1546453169985	-92.856026	2.802865	-0.621823	0.989598	-0.011095	-0.012923	-0.142850	1.000000	0.000000	0.000000	4	0	3847.187744	17.541088	img__0_1546453169982172800.png
1546453170132	-91.726181	2.476741	-0.625880	0.990343	-0.009650	-0.009139	-0.138003	1.000000	0.000000	0.000000	4	0	3783.993164	17.690376	img__0_1546453170129878000.png
1546453170277	-90.570557	2.135362	-0.592634	0.990781	0.000446	0.007457	-0.135266	1.000000	0.000000	0.000000	4	0	3740.078613	17.812082	img__0_1546453170272806200.png
1546453170417	-89.429962	1.812361	-0.597793	0.990994	0.006277	0.002715	-0.133729	1.000000	0.500000	0.000000	4	0	3681.950439	17.949894	img__0_1546453170413886200.png
1546453170563	-88.269012	1.506161	-0.600948	0.991657	0.005753	0.003533	-0.128726	1.000000	0.500000	0.000000	4	0	3636.085449	18.080126	img__0_1546453170561191400.png
1546453170706	-87.095787	1.217419	-0.603055	0.992987	0.003839	0.004169	-0.118088	1.000000	0.500000	0.000000	4	0	3604.748047	18.188669	img__0_1546453170702377200.png
1546453170842	-85.911598	0.961389	-0.605490	0.994873	-0.000961	0.002416	-0.101103	1.000000	0.500000	0.000000	4	0	3572.194336	18.288513	img__0_1546453170838378100.png
1546453170989	-84.712662	0.736230	-0.608580	0.996897	-0.004489	0.002042	-0.078568	1.000000	0.500000	0.000000	4	0	3549.761963	18.363432	img__0_1546453170986304100.png
1546453171134	-83.499901	0.550813	-0.608329	0.998459	-0.008333	0.002711	-0.054798	1.000000	0.000000	0.000000	4	0	3516.112061	18.461967	img__0_1546453171131786500.png
1546453171286	-82.277557	0.399282	-0.608103	0.999266	-0.011543	0.001939	-0.036477	0.000000	0.500000	0.000000	4	0	3195.582764	18.532679	img__0_1546453171282514900.png
1546453171434	-81.045921	0.288397	-0.607861	0.999696	-0.014075	0.001234	-0.020229	0.000000	0.000000	0.000000	0	0	3122.306396	18.545109	img__0_1546453171432291900.png
1546453171581	-79.811905	0.203829	-0.607000	0.999836	-0.015023	0.001178	-0.010088	0.000000	0.000000	0.000000	0	0	3050.708740	18.516312	img__0_1546453171578040600.png
1546453171734	-79.811905	0.203829	-0.607000	0.999836	-0.015023	0.001178	-0.010088	0.000000	0.000000	0.000000	0	0	3050.708740	18.516312	img__0_1546453171731784400.png
