TimeStamp	POS_X	POS_Y	POS_Z	Q_W	Q_X	Q_Y	Q_Z	Throttle	Steering	Brake	Gear	Handbrake	RPM	Speed	ImageFile
1545632048231	126.814957	119.663017	-0.605529	0.897995	0.011981	-0.007602	-0.439777	1.000000	-0.500000	0.000000	1	0	6239.061523	11.829917	img__0_1545632048226768600.png
1545632048370	127.276283	119.021156	-0.599232	0.889125	0.011363	-0.008338	-0.457447	1.000000	-0.500000	0.000000	1	0	6427.787598	11.900357	img__0_1545632048366355700.png
1545632048514	127.712738	118.354439	-0.600287	0.879559	0.012152	-0.008534	-0.475558	1.000000	-0.500000	0.000000	0	0	6643.485840	11.987841	img__0_1545632048504201700.png
1545632048652	128.126953	117.671494	-0.597638	0.869523	0.011025	-0.007550	-0.493711	1.000000	-0.500000	0.000000	0	0	6491.144043	11.954988	img__0_1545632048648737300.png
1545632048797	128.510208	116.971481	-0.594235	0.858738	0.012146	-0.006412	-0.512230	1.000000	-0.500000	0.000000	0	0	6342.295898	11.922668	img__0_1545632048792160700.png
1545632048940	128.860992	116.260468	-0.594968	0.847866	0.012552	-0.007588	-0.530008	1.000000	-0.500000	0.000000	2	0	5844.065918	11.951077	img__0_1545632048935246500.png
1545632049090	129.185852	115.527214	-0.595325	0.836707	0.013163	-0.007604	-0.547440	1.000000	-0.500000	0.000000	2	0	5838.623535	12.143221	img__0_1545632049081808000.png
1545632049233	129.485336	114.769608	-0.595550	0.825460	0.013436	-0.007666	-0.564249	1.000000	-0.500000	0.000000	2	0	5836.191406	12.335865	img__0_1545632049230688700.png
1545632049391	129.758499	113.988785	-0.595710	0.813957	0.013516	-0.007767	-0.580716	1.000000	-0.500000	0.000000	2	0	5836.694336	12.526796	img__0_1545632049386657700.png
1545632049537	130.004150	113.185829	-0.595826	0.802082	0.013503	-0.007913	-0.597009	1.000000	-0.500000	0.000000	2	0	5839.763184	12.715208	img__0_1545632049534891300.png
1545632049698	130.220978	112.361870	-0.595910	0.789781	0.013456	-0.008116	-0.613187	1.000000	-0.500000	0.000000	2	0	5845.302246	12.900578	img__0_1545632049695716200.png
1545632049853	130.407532	111.518158	-0.595971	0.777032	0.013406	-0.008381	-0.629262	1.000000	-0.500000	0.000000	2	0	5853.289063	13.082551	img__0_1545632049849743900.png
1545632050025	130.562317	110.655983	-0.596014	0.763827	0.013368	-0.008706	-0.645223	1.000000	-0.500000	0.000000	2	0	5863.689453	13.260917	img__0_1545632050019374500.png
1545632050183	130.683914	109.776756	-0.596044	0.750167	0.013343	-0.009088	-0.661052	1.000000	-0.500000	0.000000	2	0	5876.442383	13.435561	img__0_1545632050180665300.png
1545632050357	130.770859	108.881981	-0.596064	0.736054	0.013328	-0.009518	-0.676725	1.000000	-0.500000	0.000000	2	0	5891.452637	13.606454	img__0_1545632050353222600.png
1545632050524	130.821823	107.973267	-0.596076	0.721492	0.013315	-0.009989	-0.692222	1.000000	-0.500000	0.000000	2	0	5908.608887	13.773613	img__0_1545632050519024700.png
1545632050705	130.835449	107.052322	-0.596082	0.706487	0.013300	-0.010492	-0.707523	1.000000	-0.500000	0.000000	2	0	5927.789063	13.937083	img__0_1545632050698616600.png
1545632050864	130.810577	106.120934	-0.596085	0.691044	0.013275	-0.011019	-0.722607	1.000000	0.000000	0.000000	2	0	5943.579102	14.110671	img__0_1545632050862696100.png
1545632051045	130.756668	105.178253	-0.596091	0.678410	0.012851	-0.010867	-0.734491	1.000000	0.000000	0.000000	0	0	6072.187500	14.307441	img__0_1545632051043051100.png
1545632051233	130.688950	104.226959	-0.595976	0.672752	0.011420	-0.010035	-0.739711	1.000000	0.000000	0.000000	0	0	5932.946289	14.290808	img__0_1545632051231096000.png
1545632051423	130.608261	103.277527	-0.595881	0.670579	0.009846	-0.008888	-0.741720	1.000000	0.000000	0.000000	0	0	5796.897949	14.273973	img__0_1545632051415776800.png
1545632051606	130.518616	102.329742	-0.595806	0.669795	0.008225	-0.007523	-0.742463	1.000000	0.000000	0.000000	3	0	5192.944336	14.380424	img__0_1545632051602242600.png
1545632051780	130.422989	101.370476	-0.595931	0.669627	0.007089	-0.005610	-0.742642	1.000000	0.000000	0.000000	3	0	5103.392578	14.596397	img__0_1545632051777280400.png
1545632051967	130.323532	100.397263	-0.596012	0.669602	0.005927	-0.003898	-0.742687	1.000000	0.000000	0.000000	3	0	5022.288574	14.808764	img__0_1545632051960269300.png
1545632052142	130.221451	99.410225	-0.596064	0.669620	0.004882	-0.002460	-0.742684	1.000000	0.000000	0.000000	3	0	4949.313965	15.017200	img__0_1545632052133194600.png
1545632052314	130.117432	98.409615	-0.596096	0.669642	0.004011	-0.001318	-0.742672	1.000000	0.000000	0.000000	3	0	4884.187012	15.221313	img__0_1545632052309773300.png
1545632052494	130.011856	97.395699	-0.596112	0.669656	0.003325	-0.000453	-0.742664	1.000000	0.000000	0.000000	3	0	4826.550293	15.420847	img__0_1545632052488939400.png
1545632052663	129.906738	96.368637	-0.596116	0.670231	0.002702	0.000283	-0.742148	1.000000	0.500000	0.000000	3	0	4780.028320	15.609280	img__0_1545632052660073500.png
1545632052843	129.807190	95.328545	-0.596116	0.672520	0.002028	0.001043	-0.740075	1.000000	0.000000	0.000000	3	0	4736.749023	15.799767	img__0_1545632052836779400.png
1545632053019	129.706085	94.276054	-0.596111	0.673461	0.001680	0.001418	-0.739220	1.000000	0.000000	0.000000	3	0	4698.868164	15.986042	img__0_1545632053015195200.png
1545632053202	129.605316	93.211258	-0.596104	0.673819	0.001445	0.001652	-0.738893	1.000000	0.000000	0.000000	3	0	4666.889648	16.168047	img__0_1545632053196105300.png
1545632053375	129.506516	92.134331	-0.596094	0.674505	0.001204	0.001869	-0.738267	1.000000	0.500000	0.000000	3	0	4644.562500	16.339430	img__0_1545632053367980400.png
1545632053546	129.414413	91.045448	-0.596082	0.676868	0.000841	0.002212	-0.736101	1.000000	0.000000	0.000000	3	0	4623.533203	16.514093	img__0_1545632053540997600.png
1545632053722	129.321487	89.945099	-0.596072	0.677863	0.000753	0.002258	-0.735185	1.000000	0.000000	0.000000	3	0	4606.423828	16.685352	img__0_1545632053715065400.png
1545632053892	129.229523	88.833351	-0.596062	0.678255	0.000725	0.002239	-0.734823	1.000000	0.000000	0.000000	3	0	4593.578613	16.853287	img__0_1545632053885269200.png
1545632054061	129.139862	87.710190	-0.596313	0.678955	0.000784	0.002302	-0.734176	1.000000	0.000000	0.000000	3	0	4579.420410	17.023138	img__0_1545632054058396000.png
1545632054233	129.051331	86.574936	-0.601097	0.679599	0.001899	0.003319	-0.733574	1.000000	0.000000	0.000000	3	0	4604.990723	17.164537	img__0_1545632054227317600.png
1545632054405	128.962921	85.431084	-0.601642	0.679893	0.002241	0.003374	-0.733300	1.000000	0.000000	0.000000	3	0	4603.207520	17.324465	img__0_1545632054401804300.png
1545632054577	128.875046	84.278961	-0.606803	0.680057	0.001115	0.002187	-0.733155	1.000000	0.000000	0.000000	3	0	4603.463867	17.477709	img__0_1545632054574968100.png
1545632054745	128.788742	83.114716	-0.606850	0.680711	0.000827	0.001966	-0.732549	1.000000	0.500000	0.000000	3	0	4608.472168	17.627998	img__0_1545632054742828700.png
1545632054917	128.714523	81.939529	-0.606659	0.684640	0.000262	0.002423	-0.728878	1.000000	0.500000	0.000000	3	0	4623.803711	17.761524	img__0_1545632054911685600.png
1545632055083	128.658386	80.754211	-0.606573	0.691866	-0.000673	0.003288	-0.722018	1.000000	0.000000	0.000000	3	0	4630.894531	17.912428	img__0_1545632055080099700.png
1545632055245	128.606415	79.558594	-0.606489	0.695926	-0.001022	0.003603	-0.718104	1.000000	0.000000	0.000000	3	0	4637.965820	18.063093	img__0_1545632055242555700.png
1545632055413	128.561371	78.352661	-0.606427	0.697725	-0.001216	0.003778	-0.716354	1.000000	0.000000	0.000000	3	0	4647.096680	18.212528	img__0_1545632055408275300.png
1545632055577	128.522568	77.136612	-0.606379	0.698470	-0.001250	0.003796	-0.715628	1.000000	0.000000	0.000000	3	0	4658.073242	18.360701	img__0_1545632055569556400.png
1545632055736	128.487961	75.910591	-0.606342	0.698743	-0.001100	0.003629	-0.715363	1.000000	0.000000	0.000000	3	0	4670.597656	18.507595	img__0_1545632055732928000.png
1545632055895	128.455841	74.674744	-0.606316	0.698818	-0.000815	0.003323	-0.715291	1.000000	0.000000	0.000000	3	0	4684.540039	18.653221	img__0_1545632055892365400.png
1545632056056	128.426819	73.429207	-0.606294	0.699346	-0.000568	0.003045	-0.714777	1.000000	0.500000	0.000000	3	0	4703.898438	18.791012	img__0_1545632056053779400.png
1545632056216	128.410965	72.174561	-0.606267	0.703154	-0.000863	0.003253	-0.711029	1.000000	0.000000	0.000000	3	0	4725.030273	18.926510	img__0_1545632056208582400.png
1545632056367	128.402176	70.910469	-0.606256	0.706889	-0.000970	0.003352	-0.707316	1.000000	0.000000	0.000000	3	0	4741.994629	19.068413	img__0_1545632056364770100.png
1545632056524	128.397278	69.636871	-0.606248	0.708638	-0.000930	0.003303	-0.705564	1.000000	0.000000	0.000000	3	0	4759.637695	19.209827	img__0_1545632056515533800.png
1545632056667	128.397537	68.353874	-0.606241	0.709417	-0.000865	0.003230	-0.704781	1.000000	0.000000	0.000000	3	0	4778.259766	19.350542	img__0_1545632056664691400.png
1545632056825	128.401733	67.061508	-0.606235	0.709737	-0.000724	0.003082	-0.704459	1.000000	0.000000	0.000000	3	0	4797.670898	19.490520	img__0_1545632056816021700.png
1545632056969	128.408524	65.759850	-0.606231	0.709851	-0.000503	0.002855	-0.704346	1.000000	0.000000	0.000000	3	0	4817.775391	19.629751	img__0_1545632056965201300.png
1545632057124	128.416931	64.448929	-0.606228	0.709879	-0.000234	0.002580	-0.704319	1.000000	0.000000	0.000000	3	0	4838.516602	19.768244	img__0_1545632057114856200.png
1545632057267	128.426300	63.128788	-0.606226	0.709878	0.000044	0.002297	-0.704321	1.000000	0.000000	0.000000	3	0	4859.837402	19.906023	img__0_1545632057263835700.png
1545632057417	128.436264	61.799484	-0.606224	0.709870	0.000302	0.002033	-0.704329	1.000000	0.000000	0.000000	3	0	4881.679199	20.043133	img__0_1545632057414554300.png
1545632057579	128.446564	60.461040	-0.606222	0.709865	0.000524	0.001807	-0.704336	1.000000	0.000000	0.000000	0	0	4955.583008	20.100441	img__0_1545632057576751800.png
1545632057729	128.457474	59.121082	-0.607524	0.709849	0.000572	0.002075	-0.704351	1.000000	0.000000	0.000000	0	0	4841.946289	20.080048	img__0_1545632057725378900.png
1545632057886	128.468018	57.783310	-0.607240	0.709843	0.000219	0.001845	-0.704357	1.000000	0.000000	0.000000	4	0	4285.968262	20.059099	img__0_1545632057882710900.png
1545632058038	128.478424	56.444168	-0.607376	0.709878	-0.000333	0.001389	-0.704323	1.000000	0.000000	0.000000	4	0	4179.471191	20.219408	img__0_1545632058031862200.png
1545632058193	128.488358	55.098606	-0.598906	0.709892	-0.002192	-0.001015	-0.704306	1.000000	0.000000	0.000000	4	0	4128.006348	20.359735	img__0_1545632058187289700.png
1545632058334	128.498672	53.737991	-0.600451	0.709881	-0.001173	-0.000709	-0.704321	1.000000	0.000000	0.000000	4	0	4061.962646	20.503088	img__0_1545632058331455300.png
1545632058483	128.509552	52.366074	-0.595214	0.709875	0.000468	0.000630	-0.704327	1.000000	0.000000	0.000000	4	0	3996.183594	20.651249	img__0_1545632058479604400.png
1545632058634	128.520584	50.986523	-0.595255	0.709878	0.000930	0.000950	-0.704323	1.000000	0.000000	0.000000	4	0	3940.651855	20.789230	img__0_1545632058627992400.png
1545632058776	128.531662	49.598240	-0.595438	0.709887	0.001080	0.001033	-0.704314	1.000000	0.000000	0.000000	4	0	3893.261719	20.923487	img__0_1545632058773540100.png
1545632058927	128.542786	48.201172	-0.595566	0.709897	0.001128	0.001055	-0.704304	1.000000	0.000000	0.000000	4	0	3854.283691	21.053801	img__0_1545632058924790800.png
1545632059075	128.553955	46.795506	-0.595655	0.709907	0.001138	0.001060	-0.704294	1.000000	0.000000	0.000000	4	0	3822.911377	21.180323	img__0_1545632059071901100.png
1545632059225	128.565201	45.381493	-0.595718	0.709915	0.001131	0.001057	-0.704286	1.000000	0.000000	0.000000	4	0	3798.208496	21.303373	img__0_1545632059217362700.png
1545632059374	128.576523	43.959332	-0.595764	0.709923	0.001116	0.001051	-0.704278	1.000000	0.000000	0.000000	4	0	3779.291748	21.423334	img__0_1545632059365192700.png
1545632059525	128.587921	42.529224	-0.595796	0.709930	0.001098	0.001043	-0.704271	1.000000	0.000000	0.000000	4	0	3765.359619	21.540583	img__0_1545632059514887200.png
1545632059656	128.599411	41.091335	-0.595819	0.709936	0.001079	0.001033	-0.704264	1.000000	0.000000	0.000000	4	0	3755.701660	21.655470	img__0_1545632059648733300.png
1545632059797	128.610977	39.645836	-0.595834	0.709943	0.001060	0.001022	-0.704258	1.000000	0.000000	0.000000	4	0	3746.235352	21.771841	img__0_1545632059790467700.png
1545632059937	128.622650	38.191051	-0.600897	0.709945	0.002233	0.002209	-0.704250	1.000000	0.000000	0.000000	0	0	3838.912354	21.821554	img__0_1545632059931995300.png
1545632060077	128.634293	36.741837	-0.607963	0.709952	-0.000246	-0.000286	-0.704250	1.000000	0.000000	0.000000	0	0	3750.882080	21.797522	img__0_1545632060074356500.png
1545632060229	128.645981	35.288437	-0.606589	0.709955	0.000288	0.000255	-0.704247	1.000000	0.000000	0.000000	3	0	3462.066650	21.772863	img__0_1545632060226534400.png
1545632060368	128.657684	33.836899	-0.606399	0.709957	0.000380	0.000350	-0.704245	1.000000	0.000000	0.000000	3	0	3682.987061	21.777824	img__0_1545632060365056500.png
1545632060505	128.669388	32.384739	-0.606284	0.709958	0.000398	0.000368	-0.704244	1.000000	0.000000	0.000000	3	0	3871.781250	21.803965	img__0_1545632060499023000.png
1545632060633	128.681137	30.930529	-0.606201	0.709960	0.000419	0.000388	-0.704242	1.000000	0.000000	0.000000	3	0	4035.509766	21.846418	img__0_1545632060631068400.png
1545632060775	128.692902	29.473227	-0.606146	0.709962	0.000453	0.000422	-0.704239	1.000000	0.000000	0.000000	3	0	4179.133301	21.901691	img__0_1545632060772693700.png
1545632060925	128.704956	28.011549	-0.606951	0.709944	0.000594	0.000910	-0.704257	1.000000	0.000000	0.000000	3	0	4306.711914	21.966513	img__0_1545632060914920800.png
1545632061058	128.717087	26.545921	-0.607489	0.709941	0.000308	0.001270	-0.704260	1.000000	0.000000	0.000000	3	0	4420.836426	22.039719	img__0_1545632061053033500.png
1545632061199	128.728851	25.077084	-0.607099	0.709985	-0.000792	0.000592	-0.704216	1.000000	0.000000	0.000000	3	0	4523.683594	22.121286	img__0_1545632061197014800.png
1545632061333	128.740524	23.600519	-0.607236	0.710004	-0.000567	0.000915	-0.704197	1.000000	0.000000	0.000000	3	0	4631.201172	22.196161	img__0_1545632061330444900.png
1545632061475	128.751526	22.120819	-0.600930	0.710003	-0.000926	-0.000448	-0.704198	0.000000	0.000000	0.000000	3	0	4580.169434	22.286333	img__0_1545632061467995000.png
1545632061610	128.763596	20.629082	-0.593776	0.709993	0.001609	0.001733	-0.704205	0.000000	0.000000	0.000000	3	0	4042.390869	22.363918	img__0_1545632061606148700.png
1545632061753	128.775894	19.138691	-0.595097	0.709996	0.000943	0.000914	-0.704205	0.000000	0.000000	0.000000	3	0	3508.214600	22.396914	img__0_1545632061747844100.png
1545632061900	128.788254	17.646278	-0.595211	0.709998	0.000658	0.000572	-0.704204	-1.000000	0.000000	0.000000	-1	0	3025.082520	22.377054	img__0_1545632061896637000.png
1545632062039	128.800491	16.164286	-0.595001	0.709999	-0.000188	-0.000297	-0.704203	-1.000000	0.000000	0.000000	-1	0	2713.836182	21.880337	img__0_1545632062032704000.png
1545632062168	128.812424	14.715384	-0.594788	0.709990	-0.000971	-0.001085	-0.704211	-1.000000	0.000000	0.000000	-1	0	2665.778076	21.384977	img__0_1545632062164242000.png
1545632062305	128.824051	13.299227	-0.594612	0.709973	-0.001603	-0.001715	-0.704225	-1.000000	0.000000	0.000000	-1	0	2680.164795	20.888597	img__0_1545632062297827000.png
1545632062435	128.835373	11.915925	-0.594471	0.709953	-0.002100	-0.002210	-0.704242	-1.000000	0.000000	0.000000	-1	0	2693.230713	20.390713	img__0_1545632062432061100.png
1545632062576	128.846329	10.565625	-0.594359	0.709932	-0.002489	-0.002599	-0.704261	-1.000000	0.000000	0.000000	-1	0	2705.015137	19.891357	img__0_1545632062565124800.png
1545632062713	128.856979	9.248471	-0.594270	0.709911	-0.002795	-0.002904	-0.704280	0.000000	0.000000	0.000000	0	0	2794.882813	19.389647	img__0_1545632062706432000.png
1545632062835	128.867371	7.953052	-0.594538	0.709895	-0.002147	-0.002251	-0.704301	0.000000	0.000000	0.000000	0	0	2788.041260	19.404696	img__0_1545632062832310900.png
1545632062965	128.877686	6.656169	-0.599855	0.709889	-0.000452	-0.000543	-0.704313	0.000000	0.000000	0.000000	0	0	2724.108643	19.394779	img__0_1545632062959465600.png
1545632063095	128.887894	5.362109	-0.600610	0.709896	0.000376	0.000194	-0.704306	1.000000	0.000000	0.000000	0	0	2661.642090	19.374346	img__0_1545632063089945500.png
1545632063226	128.898254	4.072483	-0.605865	0.709903	-0.000617	-0.000733	-0.704299	1.000000	0.000000	0.000000	1	0	2521.623047	19.351658	img__0_1545632063223741400.png
1545632063359	128.908432	2.788525	-0.606078	0.709892	-0.001162	-0.001353	-0.704308	1.000000	0.000000	0.000000	1	0	2897.870605	19.055241	img__0_1545632063349558300.png
1545632063484	128.918594	1.523160	-0.605618	0.709874	-0.001372	-0.001483	-0.704326	1.000000	0.000000	0.000000	1	0	3321.223145	18.781870	img__0_1545632063480740500.png
1545632063622	128.928452	0.275521	-0.605464	0.709860	-0.001489	-0.001575	-0.704339	1.000000	0.000000	0.000000	1	0	3727.311523	18.531738	img__0_1545632063613171900.png
1545632063743	128.938110	-0.955942	-0.605372	0.709849	-0.001534	-0.001614	-0.704350	-1.000000	0.000000	0.000000	-1	0	3739.389648	18.301430	img__0_1545632063740484900.png
1545632063878	128.947556	-2.166449	-0.605140	0.709838	-0.001987	-0.002068	-0.704359	-1.000000	0.000000	0.000000	-1	0	3720.179932	17.767487	img__0_1545632063870002700.png
1545632064002	128.956680	-3.341024	-0.604907	0.709822	-0.002465	-0.002549	-0.704373	-1.000000	0.000000	0.000000	-1	0	3696.761719	17.226690	img__0_1545632063997158300.png
1545632064137	128.965485	-4.479647	-0.604718	0.709802	-0.002859	-0.002946	-0.704389	-1.000000	0.000000	0.000000	-1	0	3671.821289	16.683308	img__0_1545632064123503500.png
1545632064255	128.973969	-5.582173	-0.604569	0.709781	-0.003171	-0.003262	-0.704407	-1.000000	0.000000	0.000000	-1	0	3645.636230	16.137878	img__0_1545632064249689200.png
1545632064396	128.982101	-6.648430	-0.604452	0.709760	-0.003419	-0.003513	-0.704426	-1.000000	0.000000	0.000000	-1	0	3618.194336	15.590354	img__0_1545632064379911500.png
1545632064509	128.989914	-7.678249	-0.604359	0.709740	-0.003616	-0.003714	-0.704445	-1.000000	0.000000	0.000000	-1	0	3589.431152	15.040606	img__0_1545632064505412400.png
1545632064644	128.997391	-8.671454	-0.604285	0.709720	-0.003774	-0.003875	-0.704463	-1.000000	0.000000	0.000000	-1	0	3559.272461	14.488503	img__0_1545632064631398700.png
1545632064767	129.004532	-9.627859	-0.604225	0.709700	-0.003904	-0.004007	-0.704482	-1.000000	0.000000	0.000000	-1	0	3527.632324	13.933940	img__0_1545632064761623400.png
1545632064890	129.011337	-10.547265	-0.604176	0.709681	-0.004012	-0.004116	-0.704500	-1.000000	0.000000	0.000000	-1	0	3494.413574	13.376920	img__0_1545632064887270000.png
1545632065031	129.017822	-11.429419	-0.604134	0.709662	-0.004109	-0.004214	-0.704517	0.000000	0.000000	0.000000	0	0	3591.590088	13.213832	img__0_1545632065017616400.png
1545632065146	129.024277	-12.311006	-0.604581	0.709659	-0.002992	-0.003088	-0.704532	1.000000	0.000000	0.000000	0	0	3735.434082	13.214928	img__0_1545632065140979200.png
1545632065270	129.030807	-13.191018	-0.605334	0.709654	-0.002272	-0.002168	-0.704543	1.000000	0.000000	0.000000	0	0	3997.722656	13.216365	img__0_1545632065264065000.png
1545632065404	129.037003	-14.069098	-0.605137	0.709630	-0.001999	-0.001845	-0.704569	1.000000	0.000000	0.000000	0	0	4269.416016	13.213879	img__0_1545632065398384900.png
1545632065534	129.043106	-14.946233	-0.605143	0.709626	-0.001641	-0.001631	-0.704575	0.000000	0.000000	0.000000	0	0	4476.454102	13.205144	img__0_1545632065529991700.png
1545632065665	129.049606	-15.822165	-0.605748	0.709644	-0.001678	-0.001375	-0.704557	-1.000000	0.000000	0.000000	-1	0	4333.719727	13.193285	img__0_1545632065658754900.png
1545632065792	129.055496	-16.691797	-0.605090	0.709650	-0.001658	-0.001519	-0.704551	0.000000	0.000000	0.000000	0	0	4259.833008	12.645028	img__0_1545632065788353200.png
1545632065921	129.061478	-17.537733	-0.605320	0.709651	-0.001087	-0.001077	-0.704552	1.000000	0.000000	0.000000	0	0	4418.295898	12.787529	img__0_1545632065914282400.png
1545632066048	129.067688	-18.386761	-0.605667	0.709646	-0.001000	-0.000932	-0.704557	1.000000	0.000000	0.000000	0	0	4685.744141	12.785101	img__0_1545632066045307600.png
1545632066176	129.074142	-19.235231	-0.606597	0.709635	-0.000933	-0.000320	-0.704568	1.000000	0.000000	0.000000	0	0	4950.492676	12.779519	img__0_1545632066172332200.png
1545632066306	129.080154	-20.082361	-0.606597	0.709622	-0.001032	-0.000082	-0.704581	1.000000	0.000000	0.000000	0	0	5212.578613	12.769780	img__0_1545632066295274000.png
1545632066423	129.086258	-20.928232	-0.607232	0.709636	-0.001376	-0.000027	-0.704567	1.000000	0.000000	0.000000	0	0	5093.048340	12.757481	img__0_1545632066420512800.png
1545632066556	129.092560	-21.773390	-0.607917	0.709650	-0.001865	0.000283	-0.704552	1.000000	0.000000	0.000000	0	0	4976.259277	12.745250	img__0_1545632066551051000.png
1545632066690	129.096970	-22.617365	-0.606313	0.709314	-0.002190	-0.000289	-0.704889	1.000000	-0.500000	0.000000	1	0	4824.496094	12.654179	img__0_1545632066684681100.png
1545632066809	129.094269	-23.458368	-0.606658	0.707067	-0.001419	-0.000513	-0.707145	1.000000	0.000000	0.000000	1	0	5094.226563	12.626165	img__0_1545632066803215500.png
1545632066924	129.093948	-24.292727	-0.599659	0.706335	-0.003744	-0.003011	-0.707861	0.000000	0.000000	0.000000	1	0	5192.331543	12.618770	img__0_1545632066921035300.png
1545632067058	129.092346	-25.133356	-0.599865	0.706032	-0.002163	-0.002457	-0.708172	0.000000	0.000000	0.000000	1	0	4705.929688	12.605841	img__0_1545632067046987200.png
1545632067175	129.090866	-25.970869	-0.600092	0.705896	-0.001763	-0.002456	-0.708309	1.000000	0.000000	0.000000	1	0	4396.948242	12.554370	img__0_1545632067169807900.png
1545632067309	129.088882	-26.809618	-0.593314	0.705875	0.000876	0.000068	-0.708336	1.000000	0.000000	0.000000	1	0	4441.463867	12.482017	img__0_1545632067299341600.png
1545632067424	129.086456	-27.637304	-0.594668	0.705888	0.000170	-0.000602	-0.708323	1.000000	0.000000	0.000000	1	0	4730.546387	12.430398	img__0_1545632067419798200.png
1545632067542	129.083984	-28.462378	-0.594827	0.705892	-0.000086	-0.000734	-0.708319	1.000000	0.000000	0.000000	1	0	5006.244629	12.394785	img__0_1545632067538472100.png
1545632067667	129.081573	-29.285498	-0.594940	0.705892	-0.000192	-0.000692	-0.708319	1.000000	0.000000	0.000000	1	0	5270.477051	12.373401	img__0_1545632067660212200.png
1545632067777	129.079178	-30.107510	-0.595043	0.705892	-0.000229	-0.000598	-0.708320	1.000000	0.000000	0.000000	1	0	5523.903320	12.366517	img__0_1545632067773666100.png
1545632067896	129.076813	-30.929331	-0.595134	0.705892	-0.000224	-0.000492	-0.708320	1.000000	0.000000	0.000000	1	0	5766.584473	12.374269	img__0_1545632067891304000.png
1545632068013	129.074448	-31.751944	-0.595215	0.705896	-0.000189	-0.000384	-0.708315	1.000000	0.000000	0.000000	1	0	5998.288086	12.397236	img__0_1545632068009274700.png
1545632068136	129.072052	-32.576382	-0.595287	0.705905	-0.000129	-0.000275	-0.708306	1.000000	0.000000	0.000000	1	0	6218.401855	12.436700	img__0_1545632068128616100.png
1545632068254	129.069626	-33.403782	-0.595356	0.705925	-0.000046	-0.000161	-0.708286	1.000000	0.000000	0.000000	0	0	6449.465332	12.495623	img__0_1545632068245676100.png
1545632068368	129.067169	-34.232483	-0.595335	0.705944	-0.000166	-0.000260	-0.708268	0.000000	0.000000	0.000000	0	0	6301.572266	12.485118	img__0_1545632068361327600.png
1545632068484	129.064728	-35.060463	-0.595329	0.705961	-0.000233	-0.000311	-0.708250	-1.000000	0.000000	0.000000	-1	0	5835.635254	12.476582	img__0_1545632068478989400.png
1545632068602	129.062424	-35.880676	-0.595121	0.706180	-0.000806	-0.000865	-0.708032	-1.000000	0.000000	0.000000	-1	0	5288.447754	11.897859	img__0_1545632068595242500.png
1545632068717	129.060410	-36.659744	-0.594771	0.706276	-0.001748	-0.001773	-0.707932	-1.000000	0.000000	0.000000	-1	0	5102.524414	11.270623	img__0_1545632068711992700.png
1545632068839	129.058624	-37.396656	-0.594462	0.706303	-0.002569	-0.002567	-0.707900	-1.000000	0.000000	0.000000	-1	0	5009.126465	10.638833	img__0_1545632068830855300.png
1545632068956	129.057022	-38.091595	-0.594221	0.706352	-0.003206	-0.003189	-0.707846	0.000000	0.000000	0.000000	0	0	5042.317383	10.014727	img__0_1545632068952275800.png
1545632069082	129.055618	-38.761978	-0.594529	0.706412	-0.002392	-0.002367	-0.707793	0.000000	0.000000	0.000000	0	0	4988.713867	10.183804	img__0_1545632069074427100.png
1545632069199	129.054169	-39.435417	-0.594617	0.706438	-0.002208	-0.002194	-0.707768	1.000000	0.000000	0.000000	0	0	4986.562012	10.174698	img__0_1545632069193311900.png
1545632069313	129.052444	-40.108662	-0.594958	0.706410	-0.001752	-0.001860	-0.707798	1.000000	0.000000	0.000000	0	0	5134.877930	10.176726	img__0_1545632069309529500.png
1545632069438	129.050644	-40.784031	-0.599978	0.706167	-0.000258	-0.000338	-0.708046	1.000000	0.000000	0.000000	0	0	5395.132324	10.164369	img__0_1545632069433965100.png
1545632069553	129.048889	-41.456383	-0.600320	0.706162	0.000229	0.000162	-0.708051	1.000000	0.000000	0.000000	0	0	5652.803711	10.171817	img__0_1545632069546476600.png
1545632069667	129.047058	-42.126888	-0.600410	0.706168	0.000333	0.000227	-0.708044	1.000000	0.500000	0.000000	0	0	5907.917480	10.153268	img__0_1545632069661421300.png
1545632069774	129.052750	-42.792221	-0.607158	0.708253	-0.002302	-0.001727	-0.705953	1.000000	0.500000	0.000000	0	0	6160.499023	10.104045	img__0_1545632069770323300.png
1545632069893	129.074417	-43.463730	-0.606014	0.714131	-0.002154	0.000106	-0.700009	1.000000	0.500000	0.000000	0	0	6410.573730	10.085653	img__0_1545632069890317800.png
1545632070012	129.117065	-44.129002	-0.605835	0.723458	-0.003228	0.001287	-0.690360	1.000000	0.000000	0.000000	0	0	6658.166016	10.099777	img__0_1545632070008437400.png
1545632070136	129.156708	-44.793648	-0.606127	0.727778	-0.003223	0.001471	-0.685804	1.000000	0.000000	0.000000	0	0	6903.301270	10.086112	img__0_1545632070129197500.png
1545632070253	129.195999	-45.458042	-0.606575	0.728895	-0.002895	0.001584	-0.684618	1.000000	0.000000	0.000000	0	0	7146.003418	10.080672	img__0_1545632070247222300.png
1545632070372	129.236481	-46.120972	-0.606014	0.729117	-0.002707	0.001123	-0.684383	1.000000	0.000000	0.000000	0	0	7386.296875	10.069957	img__0_1545632070369559900.png
1545632070486	129.276459	-46.783329	-0.605654	0.728805	-0.002256	0.000448	-0.684718	1.000000	-0.500000	0.000000	0	0	7500.002930	10.052092	img__0_1545632070478081600.png
1545632070604	129.303833	-47.445293	-0.606207	0.724934	-0.001515	-0.000501	-0.688816	1.000000	-0.500000	0.000000	0	0	7500.002930	10.019344	img__0_1545632070601364300.png
1545632070713	129.310120	-48.106445	-0.606250	0.716562	-0.000194	-0.001676	-0.697522	1.000000	0.000000	0.000000	0	0	7328.020508	10.011353	img__0_1545632070708863300.png
1545632070834	129.307098	-48.766926	-0.605497	0.709058	0.000988	-0.002423	-0.705145	1.000000	0.000000	0.000000	0	0	7159.981445	10.001328	img__0_1545632070828693700.png
1545632070944	129.309067	-49.426205	-0.605484	0.706837	0.001020	-0.002482	-0.707371	1.000000	0.000000	0.000000	1	0	6783.737305	9.986372	img__0_1545632070937920200.png
1545632071059	129.309601	-50.092239	-0.606120	0.706256	0.001509	-0.001571	-0.707953	1.000000	0.000000	0.000000	1	0	6923.853516	10.158990	img__0_1545632071053969600.png
1545632071162	129.308868	-50.769272	-0.606969	0.706126	0.001544	-0.000576	-0.708084	1.000000	0.000000	0.000000	1	0	7061.605957	10.328854	img__0_1545632071157142000.png
1545632071275	129.307236	-51.457310	-0.607106	0.706115	0.001314	0.000105	-0.708096	1.000000	0.000000	0.000000	1	0	7197.215820	10.502439	img__0_1545632071272153700.png
1545632071385	129.305206	-52.156765	-0.607166	0.706128	0.001130	0.000587	-0.708083	1.000000	0.000000	0.000000	1	0	7330.874023	10.675591	img__0_1545632071378989500.png
1545632071500	129.303467	-52.867294	-0.608056	0.706170	0.000483	0.000954	-0.708042	1.000000	0.000000	0.000000	1	0	7462.714844	10.848187	img__0_1545632071494735900.png
1545632071603	129.301468	-53.589939	-0.608627	0.706185	0.000095	0.001515	-0.708026	1.000000	0.000000	0.000000	1	0	7500.002930	11.023465	img__0_1545632071596756300.png
1545632071716	129.298874	-54.323288	-0.607558	0.706153	-0.000367	0.001276	-0.708058	1.000000	0.000000	0.000000	1	0	7500.002930	11.192151	img__0_1545632071709837600.png
1545632071825	129.296326	-55.068886	-0.607211	0.706127	-0.000171	0.001160	-0.708084	1.000000	0.000000	0.000000	1	0	7500.002930	11.362123	img__0_1545632071818962300.png
1545632071933	129.294144	-55.825737	-0.607294	0.706129	-0.000101	0.001110	-0.708082	1.000000	0.000000	0.000000	1	0	7500.002930	11.511025	img__0_1545632071926091700.png
1545632072041	129.291885	-56.589233	-0.601077	0.706172	-0.001516	-0.001025	-0.708038	1.000000	0.000000	0.000000	1	0	7500.002930	11.674447	img__0_1545632072028444000.png
1545632072148	129.289520	-57.367683	-0.600542	0.706086	-0.000822	-0.000862	-0.708125	1.000000	0.000000	0.000000	1	0	7500.002930	11.830477	img__0_1545632072144289600.png
1545632072254	129.287460	-58.156128	-0.600662	0.706091	-0.000599	-0.000817	-0.708121	1.000000	0.000000	0.000000	1	0	7500.002930	11.974308	img__0_1545632072246339100.png
1545632072366	129.285080	-58.958553	-0.594609	0.705988	0.001836	0.000734	-0.708221	1.000000	0.000000	0.000000	0	0	7500.002930	12.132594	img__0_1545632072360457100.png
1545632072473	129.283188	-59.760612	-0.595087	0.706023	0.000930	0.000334	-0.708188	1.000000	0.000000	0.000000	0	0	7328.020508	12.124638	img__0_1545632072467655700.png
1545632072589	129.280777	-60.562450	-0.595128	0.706063	0.000468	0.000107	-0.708149	1.000000	0.000000	0.000000	0	0	7159.981445	12.113434	img__0_1545632072586085100.png
1545632072691	129.278336	-61.363804	-0.595162	0.706076	0.000189	-0.000033	-0.708136	1.000000	0.000000	0.000000	2	0	6568.392578	12.161405	img__0_1545632072686990800.png
1545632072807	129.274673	-62.591122	-0.595799	0.706087	0.001415	0.001302	-0.708122	1.000000	-0.500000	0.000000	2	0	6515.631836	12.428276	img__0_1545632072798731000.png
1545632072957	129.265991	-63.426723	-0.595916	0.704312	0.001859	0.001152	-0.709888	1.000000	-0.500000	0.000000	2	0	6482.784180	12.658405	img__0_1545632072946587300.png
1545632073064	129.247025	-64.277443	-0.596012	0.700342	0.002484	0.000771	-0.713802	1.000000	0.000000	0.000000	2	0	6448.849609	12.897154	img__0_1545632073059475300.png
1545632073174	129.228302	-65.143776	-0.596081	0.698536	0.002663	0.000768	-0.715569	1.000000	0.000000	0.000000	2	0	6417.688477	13.132128	img__0_1545632073167858800.png
1545632073287	129.207825	-66.025513	-0.596130	0.697943	0.002723	0.000836	-0.716147	1.000000	0.000000	0.000000	2	0	6389.989746	13.363588	img__0_1545632073284292200.png
1545632073391	129.185654	-66.922417	-0.596165	0.697774	0.002700	0.000945	-0.716313	1.000000	0.000000	0.000000	2	0	6365.932129	13.591881	img__0_1545632073387751800.png
1545632073506	129.162338	-67.834305	-0.596188	0.697742	0.002609	0.001084	-0.716344	1.000000	0.500000	0.000000	2	0	6346.212402	13.815506	img__0_1545632073503652000.png
1545632073612	129.144745	-68.760849	-0.596194	0.699612	0.002148	0.001547	-0.714518	1.000000	0.500000	0.000000	2	0	6335.145508	14.025181	img__0_1545632073606213600.png
1545632073718	129.137772	-69.701530	-0.596200	0.703841	0.001457	0.002247	-0.710352	1.000000	0.000000	0.000000	2	0	6322.053223	14.244405	img__0_1545632073714244600.png
1545632073833	129.130737	-70.656540	-0.596200	0.705850	0.001186	0.002497	-0.708356	1.000000	0.000000	0.000000	2	0	6311.207031	14.460381	img__0_1545632073823362800.png
1545632073943	129.125793	-71.625816	-0.596256	0.706576	0.001066	0.002633	-0.707632	1.000000	0.000000	0.000000	2	0	6302.801270	14.673358	img__0_1545632073937961700.png
1545632074044	129.122803	-72.614052	-0.603267	0.706814	0.003528	0.005126	-0.707372	1.000000	0.000000	0.000000	2	0	6333.324707	14.842571	img__0_1545632074039875000.png
1545632074158	129.120148	-74.104118	-0.601433	0.706862	0.001966	0.003343	-0.707341	1.000000	0.000000	0.000000	0	0	6309.730469	14.991192	img__0_1545632074149387000.png
1545632074307	129.119110	-75.096558	-0.607955	0.706863	-0.000570	0.000522	-0.707350	1.000000	0.000000	0.000000	0	0	6165.041992	14.977642	img__0_1545632074298237200.png
1545632074410	129.118301	-76.093788	-0.606585	0.706861	-0.000076	0.000807	-0.707352	1.000000	0.000000	0.000000	3	0	5525.852539	15.072966	img__0_1545632074406052500.png
1545632074515	129.117676	-77.102150	-0.607053	0.706840	0.000585	0.001424	-0.707372	1.000000	0.000000	0.000000	3	0	5429.685059	15.292403	img__0_1545632074506468000.png
1545632074612	129.116882	-78.124130	-0.606786	0.706828	0.000704	0.001519	-0.707384	1.000000	0.000000	0.000000	3	0	5342.918457	15.506351	img__0_1545632074606840400.png
1545632074713	129.115921	-79.160332	-0.606747	0.706843	0.000856	0.001394	-0.707368	1.000000	0.000000	0.000000	3	0	5259.580566	15.717253	img__0_1545632074707948400.png
1545632074813	129.115326	-80.210693	-0.606934	0.706870	0.000834	0.001536	-0.707341	1.000000	0.000000	0.000000	3	0	5185.491211	15.922543	img__0_1545632074808286700.png
1545632074918	129.114227	-81.275017	-0.606408	0.706887	0.001200	0.001539	-0.707324	1.000000	0.000000	0.000000	3	0	5118.789551	16.123034	img__0_1545632074909193200.png
1545632075017	129.113556	-82.352608	-0.606617	0.706884	0.001379	0.001584	-0.707327	1.000000	0.000000	0.000000	3	0	5058.000977	16.318886	img__0_1545632075009847000.png
1545632075114	129.113373	-83.443680	-0.607720	0.706863	0.001464	0.002207	-0.707345	1.000000	0.000000	0.000000	3	0	5008.262207	16.507277	img__0_1545632075107804700.png
1545632075222	129.112656	-84.546707	-0.607600	0.706880	0.001304	0.002332	-0.707329	1.000000	0.000000	0.000000	3	0	4962.145996	16.693621	img__0_1545632075219452600.png
1545632075319	129.112473	-85.661392	-0.608914	0.706920	0.000429	0.002365	-0.707290	1.000000	0.000000	0.000000	3	0	4922.104492	16.875383	img__0_1545632075310264400.png
1545632075419	129.111282	-86.787743	-0.607184	0.707002	-0.000133	0.001829	-0.707209	1.000000	0.000000	0.000000	3	0	4892.962891	17.051489	img__0_1545632075416709700.png
1545632075527	129.110413	-87.927277	-0.607469	0.707009	0.000159	0.001844	-0.707202	1.000000	0.000000	0.000000	3	0	4907.705566	17.188749	img__0_1545632075523563400.png
1545632075632	129.109268	-89.074989	-0.600857	0.706979	-0.000101	0.000815	-0.707234	1.000000	0.000000	0.000000	3	0	4896.793457	17.349762	img__0_1545632075625473400.png
1545632075739	129.108383	-90.822304	-0.593970	0.706866	0.002179	0.002235	-0.707340	1.000000	0.000000	0.000000	0	0	4956.076660	17.518641	img__0_1545632075726451300.png
1545632075833	129.108185	-91.403618	-0.595340	0.706873	0.000844	0.000788	-0.707340	1.000000	0.000000	0.000000	0	0	4898.923340	17.512480	img__0_1545632075827200800.png
1545632075937	129.107727	-92.570641	-0.595221	0.706861	0.000900	0.000727	-0.707351	1.000000	0.000000	0.000000	0	0	4786.585938	17.496183	img__0_1545632075929011100.png
1545632076037	129.107117	-93.736259	-0.595294	0.706856	0.000765	0.000554	-0.707357	1.000000	0.000000	0.000000	4	0	4181.056641	17.582161	img__0_1545632076030847200.png
1545632076137	129.106430	-94.911797	-0.595503	0.706860	0.001014	0.000805	-0.707353	1.000000	0.000000	0.000000	4	0	4045.358154	17.766178	img__0_1545632076130719500.png
1545632076235	129.105667	-96.099304	-0.595644	0.706866	0.001145	0.000958	-0.707346	1.000000	0.000000	0.000000	4	0	3927.743896	17.941885	img__0_1545632076228506100.png
1545632076337	129.104889	-97.298317	-0.595741	0.706873	0.001216	0.001056	-0.707338	1.000000	0.000000	0.000000	4	0	3826.519775	18.109182	img__0_1545632076333676900.png
1545632076440	129.104111	-98.508308	-0.595808	0.706881	0.001249	0.001118	-0.707330	1.000000	0.000000	0.000000	4	0	3740.477051	18.268646	img__0_1545632076437695100.png
1545632076543	129.103317	-99.728790	-0.595853	0.706889	0.001259	0.001154	-0.707323	1.000000	0.000000	0.000000	4	0	3668.262207	18.420946	img__0_1545632076535155600.png
1545632076639	129.102554	-100.959297	-0.595883	0.706896	0.001254	0.001170	-0.707315	1.000000	0.000000	0.000000	4	0	3608.458984	18.566795	img__0_1545632076636490800.png
1545632076738	129.101791	-102.199402	-0.595901	0.706902	0.001239	0.001171	-0.707309	1.000000	0.000000	0.000000	4	0	3559.653076	18.706890	img__0_1545632076732165000.png
1545632076840	129.101059	-103.448761	-0.595911	0.706909	0.001219	0.001163	-0.707303	1.000000	0.000000	0.000000	4	0	3520.241943	18.842022	img__0_1545632076837143300.png
1545632076943	129.099976	-105.341064	-0.600976	0.706916	0.002389	0.002324	-0.707290	0.000000	0.000000	0.000000	4	0	2901.466309	19.013964	img__0_1545632076934118400.png
1545632077042	129.099640	-105.976059	-0.601543	0.706916	0.003013	0.002957	-0.707285	0.000000	0.000000	0.000000	4	0	2652.292969	19.046167	img__0_1545632077038981000.png
1545632077146	129.098938	-107.241508	-0.608076	0.706925	0.000237	0.000131	-0.707288	-1.000000	0.000000	0.000000	-1	0	2283.307373	18.832191	img__0_1545632077143121200.png
1545632077249	129.098328	-108.488037	-0.606307	0.706916	-0.000370	-0.000427	-0.707297	-1.000000	0.000000	0.000000	-1	0	2133.722412	18.344751	img__0_1545632077243037800.png
1545632077353	129.097458	-110.296944	-0.605802	0.706869	-0.001470	-0.001223	-0.707342	-1.000000	0.000000	0.000000	-1	0	2173.636475	17.630150	img__0_1545632077342967900.png
1545632077447	129.096924	-110.883728	-0.605404	0.706829	-0.001770	-0.001640	-0.707380	-1.000000	0.000000	0.000000	-1	0	2183.057617	17.377317	img__0_1545632077442756500.png
1545632077560	129.090912	-112.595711	-0.605250	0.705441	-0.002325	-0.002470	-0.708760	-1.000000	-0.500000	0.000000	-1	0	2217.489258	16.643299	img__0_1545632077557053800.png
1545632077698	129.072052	-113.696274	-0.604872	0.700976	-0.001825	-0.003613	-0.713174	-1.000000	-0.500000	0.000000	-1	0	2243.604980	16.148563	img__0_1545632077692366500.png
1545632077804	129.032990	-114.763481	-0.605364	0.692738	-0.000807	-0.004791	-0.721173	-1.000000	-0.500000	0.000000	-1	0	2273.861084	15.651666	img__0_1545632077798011500.png
1545632077903	128.970413	-115.796715	-0.605869	0.682411	0.000193	-0.005953	-0.730944	-1.000000	-0.500000	0.000000	-1	0	2307.950928	15.162804	img__0_1545632077899818100.png
1545632078014	128.882813	-116.795670	-0.606114	0.671470	0.000980	-0.007409	-0.740994	0.000000	-0.500000	0.000000	0	0	2424.865967	14.688335	img__0_1545632078008990900.png
1545632078127	128.766632	-117.770622	-0.607228	0.658767	0.002296	-0.007942	-0.752301	0.000000	-0.500000	0.000000	0	0	2505.170410	14.555080	img__0_1545632078121109300.png
1545632078235	128.620346	-118.729744	-0.606241	0.644992	0.003365	-0.009295	-0.764126	1.000000	-0.500000	0.000000	0	0	2550.468994	14.507446	img__0_1545632078228595900.png
1545632078352	128.436493	-119.679550	-0.606355	0.629086	0.004746	-0.010464	-0.777251	1.000000	-0.500000	0.000000	0	0	2732.813965	14.460812	img__0_1545632078347797900.png
1545632078458	128.214737	-120.618744	-0.604969	0.611710	0.006770	-0.011388	-0.790971	1.000000	-0.500000	0.000000	0	0	2670.147461	14.411630	img__0_1545632078454544800.png
1545632078569	127.954834	-121.542984	-0.605351	0.593819	0.007789	-0.012939	-0.804457	1.000000	-0.500000	0.000000	0	0	2608.918457	14.359501	img__0_1545632078566144700.png
1545632078689	127.656342	-122.452812	-0.607181	0.575265	0.009055	-0.013456	-0.817806	1.000000	-0.500000	0.000000	1	0	2678.970947	14.207517	img__0_1545632078682891200.png
1545632078802	127.325516	-123.334984	-0.607751	0.557301	0.009127	-0.014582	-0.830132	1.000000	-0.500000	0.000000	1	0	3069.155273	13.962372	img__0_1545632078796733100.png
1545632078927	126.770142	-124.601212	-0.608871	0.529954	0.008241	-0.015799	-0.847839	1.000000	-0.500000	0.000000	1	0	3619.386963	13.649187	img__0_1545632078908966300.png
1545632079083	126.359512	-125.407867	-0.610090	0.511244	0.007936	-0.016786	-0.859235	1.000000	-0.500000	0.000000	1	0	3962.061523	13.473535	img__0_1545632079075961900.png
1545632079204	125.918633	-126.185844	-0.609828	0.492332	0.007689	-0.017421	-0.870199	1.000000	-0.500000	0.000000	1	0	4286.294922	13.326365	img__0_1545632079200225900.png
1545632079352	125.200409	-127.298759	-0.609266	0.463642	0.007376	-0.018169	-0.885805	1.000000	-0.500000	0.000000	1	0	4739.044922	13.151189	img__0_1545632079317803200.png
1545632079504	124.684990	-128.005402	-0.608656	0.444260	0.007262	-0.018583	-0.895675	1.000000	-0.500000	0.000000	1	0	5019.660645	13.071651	img__0_1545632079499012100.png
1545632079637	124.141022	-128.684570	-0.608371	0.424710	0.007319	-0.018795	-0.905105	1.000000	-0.500000	0.000000	1	0	5284.377930	13.017873	img__0_1545632079630576200.png
1545632079765	123.570740	-129.336731	-0.606864	0.405474	0.006677	-0.018834	-0.913888	1.000000	-0.500000	0.000000	1	0	5534.168945	12.986033	img__0_1545632079757089300.png
1545632079889	122.972374	-129.961731	-0.606705	0.385967	0.006483	-0.018655	-0.922301	1.000000	-0.500000	0.000000	1	0	5771.308594	12.973153	img__0_1545632079885871800.png
1545632080022	122.347733	-130.559845	-0.606658	0.366239	0.006254	-0.018413	-0.930318	0.000000	-0.500000	0.000000	1	0	5827.863281	12.976815	img__0_1545632080018096900.png
1545632080157	121.697945	-131.132156	-0.605419	0.345998	0.006305	-0.017492	-0.938051	-1.000000	-0.500000	0.000000	-1	0	5399.500977	12.971508	img__0_1545632080152722800.png
1545632080292	121.035278	-131.669662	-0.605313	0.327576	0.004556	-0.017256	-0.944656	-1.000000	-0.500000	0.000000	-1	0	5189.924316	12.390635	img__0_1545632080284646700.png
1545632080422	120.385590	-132.164307	-0.605823	0.312670	0.003413	-0.016626	-0.949710	-1.000000	0.000000	0.000000	-1	0	5238.908203	12.003424	img__0_1545632080419383000.png
1545632080566	119.736053	-132.649277	-0.631698	0.302646	0.012900	-0.005481	-0.953000	-1.000000	0.000000	0.000000	-1	0	5333.424316	11.691737	img__0_1545632080559107900.png
1545632080706	119.115410	-133.097672	-0.629250	0.298882	0.007583	0.001923	-0.954258	-1.000000	-0.500000	0.000000	-1	0	5284.655273	11.125664	img__0_1545632080703193100.png
1545632080851	118.511948	-133.510544	-0.630132	0.295369	0.005512	0.005071	-0.955354	-1.000000	-0.500000	0.000000	-1	0	5188.566406	10.452159	img__0_1545632080846090900.png
1545632080990	117.951988	-133.882355	-0.661945	0.286629	-0.009931	0.009281	-0.957945	-1.000000	-0.500000	0.000000	-1	0	5192.887207	10.003556	img__0_1545632080987642300.png
1545632081134	117.379829	-134.220840	-0.646923	0.271704	-0.009808	0.010113	-0.962278	-1.000000	-0.500000	0.000000	-1	0	5245.797363	9.568632	img__0_1545632081130581700.png
1545632081290	116.823143	-134.527725	-0.645334	0.256686	-0.010281	0.010574	-0.966382	-1.000000	-0.500000	0.000000	-1	0	5328.384766	9.216468	img__0_1545632081274275800.png
1545632081424	116.276764	-134.796204	-0.647025	0.240058	-0.010510	0.007504	-0.970673	-1.000000	-0.500000	0.000000	-1	0	5339.044922	8.762289	img__0_1545632081418225200.png
1545632081572	115.740417	-135.026901	-0.639743	0.221411	-0.004498	-0.004402	-0.975160	-1.000000	-0.500000	0.000000	-1	0	5286.520996	8.187567	img__0_1545632081569271600.png
1545632081729	115.238197	-135.233002	-0.641537	0.202034	-0.002012	-0.011917	-0.979304	-1.000000	-0.500000	0.000000	-1	0	5305.754395	7.695388	img__0_1545632081723780900.png
1545632081882	114.761406	-135.410919	-0.639066	0.183139	-0.001651	-0.015528	-0.982963	-1.000000	-0.500000	0.000000	-1	0	5327.545898	7.291499	img__0_1545632081876468800.png
1545632082045	114.302940	-135.554916	-0.634289	0.165395	-0.001538	-0.018326	-0.986056	-1.000000	-0.500000	0.000000	-1	0	5343.915039	6.773905	img__0_1545632082040292600.png
1545632082207	113.870766	-135.665909	-0.634193	0.148840	-0.002455	-0.021460	-0.988625	-1.000000	-0.500000	0.000000	-1	0	5436.883301	6.450457	img__0_1545632082204095500.png
1545632082373	113.455391	-135.754242	-0.634012	0.131211	-0.003326	-0.023979	-0.991059	-1.000000	-0.500000	0.000000	-1	0	5423.779785	5.949557	img__0_1545632082370354100.png
1545632082543	113.064774	-135.820984	-0.634749	0.114239	-0.003587	-0.026112	-0.993104	0.000000	0.000000	0.000000	0	0	5489.078613	5.755614	img__0_1545632082539364800.png
1545632082714	113.064774	-135.820984	-0.634749	0.114239	-0.003587	-0.026112	-0.993104	0.000000	0.000000	0.000000	0	0	5489.078613	5.755614	img__0_1545632082708835300.png
