TimeStamp	POS_X	POS_Y	POS_Z	Q_W	Q_X	Q_Y	Q_Z	Throttle	Steering	Brake	Gear	Handbrake	RPM	Speed	ImageFile
1545799590948	126.708847	-122.412743	-0.608822	0.596562	0.010841	-0.010947	-0.802419	1.000000	-0.500000	0.000000	0	0	4822.218262	14.980308	img__0_1545799590945695700.png
1545799591016	126.427605	-123.317009	-0.608423	0.579031	0.010958	-0.012627	-0.815134	1.000000	-0.500000	0.000000	3	0	4385.104980	14.922072	img__0_1545799591012955100.png
1545799591351	124.917908	-126.793121	-0.610867	0.505055	0.011250	-0.017034	-0.862846	1.000000	-0.500000	0.000000	3	0	4403.674805	15.337552	img__0_1545799591347730200.png
1545799591456	124.409897	-127.681168	-0.610252	0.485039	0.011071	-0.018052	-0.874236	1.000000	-0.500000	0.000000	3	0	4412.179688	15.435200	img__0_1545799591450381100.png
1545799591564	123.898857	-128.490067	-0.609584	0.466031	0.010845	-0.019072	-0.884496	1.000000	-0.500000	0.000000	3	0	4420.661621	15.533392	img__0_1545799591558857300.png
1545799591675	123.342514	-129.295975	-0.607598	0.446879	0.010073	-0.019704	-0.894321	1.000000	-0.500000	0.000000	3	0	4444.407715	15.620607	img__0_1545799591670789900.png
1545799591780	122.753952	-130.072525	-0.607211	0.427651	0.010386	-0.020105	-0.903661	1.000000	-0.500000	0.000000	3	0	4460.086426	15.713691	img__0_1545799591778427900.png
1545799591892	122.126762	-130.831161	-0.607094	0.408306	0.010195	-0.020594	-0.912556	1.000000	-0.500000	0.000000	3	0	4474.521973	15.811155	img__0_1545799591885841900.png
1545799592009	121.422203	-131.613358	-0.606068	0.386836	0.009815	-0.020222	-0.921874	1.000000	-0.500000	0.000000	3	0	4487.883789	15.908669	img__0_1545799592000444000.png
1545799592129	120.675156	-132.367172	-0.606077	0.365062	0.009414	-0.020412	-0.930712	1.000000	-0.500000	0.000000	3	0	4496.159668	16.011959	img__0_1545799592124602600.png
1545799592247	119.933388	-133.069229	-0.630378	0.345901	0.014760	-0.008521	-0.938116	1.000000	-0.500000	0.000000	3	0	4542.173828	16.079012	img__0_1545799592243656400.png
1545799592379	119.116646	-133.766296	-0.629931	0.324562	0.013397	-0.004534	-0.945759	1.000000	-0.500000	0.000000	3	0	4549.364258	16.172174	img__0_1545799592373076200.png
1545799592495	118.272186	-134.431244	-0.661579	0.300431	0.005831	0.005037	-0.953772	1.000000	-0.500000	0.000000	3	0	4596.841309	16.231789	img__0_1545799592493955600.png
1545799592626	117.407402	-135.044708	-0.640572	0.279122	-0.005740	0.000031	-0.960238	1.000000	-0.500000	0.000000	3	0	4613.979492	16.304180	img__0_1545799592621987400.png
1545799592769	116.487984	-135.621780	-0.649200	0.255928	-0.004861	-0.010620	-0.966625	1.000000	-0.500000	0.000000	3	0	4664.119629	16.368023	img__0_1545799592755341600.png
1545799592894	115.552742	-136.174942	-0.639103	0.235162	-0.007871	-0.018158	-0.971755	1.000000	-0.500000	0.000000	3	0	4701.610352	16.415831	img__0_1545799592890794900.png
1545799593031	114.576256	-136.683685	-0.617949	0.211196	-0.000802	-0.032190	-0.976913	1.000000	-0.500000	0.000000	3	0	4734.890625	16.485901	img__0_1545799593029207400.png
1545799593165	113.580086	-137.168076	-0.603307	0.186624	0.005403	-0.035419	-0.981778	1.000000	-0.500000	0.000000	3	0	4777.371094	16.525660	img__0_1545799593164099200.png
1545799593307	112.568756	-137.605209	-0.593503	0.163773	0.003856	-0.034156	-0.985899	1.000000	-0.500000	1.000000	3	0	4779.221680	16.571413	img__0_1545799593305077100.png
1545799593456	111.531113	-137.986588	-0.592945	0.139691	0.003626	-0.031318	-0.989693	1.000000	-0.500000	0.000000	3	0	4743.063477	16.550817	img__0_1545799593451954800.png
1545799593607	110.473946	-138.312943	-0.589495	0.116081	0.003985	-0.027865	-0.992841	1.000000	0.000000	0.000000	3	0	4750.512695	16.644238	img__0_1545799593604656200.png
1545799593766	109.396973	-138.590881	-0.589856	0.095224	0.003711	-0.025996	-0.995109	0.000000	0.000000	0.000000	3	0	4342.080078	16.781132	img__0_1545799593763432200.png
1545799593925	108.302841	-138.838196	-0.590231	0.083776	0.003419	-0.023844	-0.996193	0.000000	0.000000	0.000000	3	0	3655.282471	16.899227	img__0_1545799593921720900.png
1545799594088	107.196869	-139.058701	-0.588279	0.078668	0.002333	-0.021570	-0.996665	0.000000	0.000000	0.000000	0	0	3571.463379	16.910753	img__0_1545799594084414400.png
1545799594251	106.087097	-139.257355	-0.588260	0.076396	0.001592	-0.018980	-0.996896	0.000000	0.000000	0.000000	0	0	3489.565918	16.897659	img__0_1545799594248209900.png
1545799594426	104.974991	-139.442703	-0.585978	0.075042	0.001806	-0.015967	-0.997051	0.000000	0.000000	0.000000	2	0	3243.495361	16.885756	img__0_1545799594418880800.png
1545799594583	103.863785	-139.618607	-0.586001	0.074428	0.001470	-0.013004	-0.997140	0.000000	0.000000	0.000000	2	0	2892.879150	16.840826	img__0_1545799594579690100.png
1545799594748	102.755661	-139.788849	-0.586068	0.074167	0.001009	-0.010223	-0.997193	0.000000	0.000000	0.000000	2	0	2620.693848	16.758142	img__0_1545799594745776000.png
1545799594913	101.653076	-139.955414	-0.586096	0.074053	0.000546	-0.007778	-0.997224	0.000000	0.000000	0.000000	2	0	2407.589355	16.648613	img__0_1545799594909688000.png
1545799595071	100.557838	-140.119385	-0.586097	0.073999	0.000119	-0.005749	-0.997242	0.000000	0.000000	0.000000	2	0	2239.724854	16.519123	img__0_1545799595066748800.png
1545799595231	99.471268	-140.281326	-0.586083	0.073966	-0.000255	-0.004146	-0.997252	0.000000	0.000000	0.000000	2	0	2106.729004	16.374702	img__0_1545799595227992400.png
1545799595391	98.931549	-140.361618	-0.586075	0.073954	-0.000420	-0.003492	-0.997255	0.000000	0.000000	0.000000	2	0	2050.765137	16.298254	img__0_1545799595388307700.png
