TimeStamp	POS_X	POS_Y	POS_Z	Q_W	Q_X	Q_Y	Q_Z	Throttle	Steering	Brake	Gear	Handbrake	RPM	Speed	ImageFile
1545631923014	-117.062637	-1.214403	-0.607620	0.999886	0.002155	0.003064	0.014627	1.000000	0.000000	0.000000	2	0	4759.345703	10.205037	img__0_1545631923008727100.png
1545631923240	-116.378914	-1.194534	-0.607542	0.999888	0.001924	0.002996	0.014515	1.000000	0.000000	0.000000	2	0	4761.500000	10.421937	img__0_1545631923234678400.png
1545631923471	-115.681847	-1.174564	-0.607541	0.999893	0.001895	0.002076	0.014358	1.000000	0.000000	0.000000	2	0	4762.845703	10.647430	img__0_1545631923468271500.png
1545631923688	-114.968933	-1.154191	-0.607555	0.999893	0.001679	0.001968	0.014399	1.000000	0.000000	0.000000	2	0	4769.071777	10.859969	img__0_1545631923683264900.png
1545631923913	-114.241646	-1.133658	-0.607555	0.999893	0.001500	0.001940	0.014401	1.000000	0.000000	0.000000	2	0	4778.909180	11.075188	img__0_1545631923909874700.png
1545631924135	-113.499451	-1.114226	-0.606338	0.999905	0.001048	0.002463	0.013533	1.000000	0.000000	0.000000	2	0	4793.122559	11.283796	img__0_1545631924127185600.png
1545631924362	-112.744072	-1.095338	-0.606321	0.999915	0.000560	0.002399	0.012813	1.000000	0.000000	0.000000	2	0	4808.771484	11.489368	img__0_1545631924352481700.png
1545631924582	-111.974968	-1.076363	-0.606337	0.999918	0.000316	0.002362	0.012597	1.000000	0.000000	0.000000	2	0	4827.149902	11.693876	img__0_1545631924576706200.png
1545631924805	-111.192284	-1.057201	-0.606348	0.999919	0.000187	0.002330	0.012532	1.000000	0.000000	0.000000	2	0	4847.978516	11.895295	img__0_1545631924798425800.png
1545631925033	-110.396217	-1.037753	-0.606355	0.999919	0.000113	0.002300	0.012509	1.000000	0.000000	0.000000	2	0	4871.072266	12.094234	img__0_1545631925026842700.png
1545631925247	-109.586922	-1.017979	-0.606359	0.999919	0.000069	0.002273	0.012500	1.000000	0.000000	0.000000	0	0	5015.118652	12.291204	img__0_1545631925241026700.png
1545631925471	-108.770721	-0.998003	-0.606179	0.999921	0.000048	0.001610	0.012503	1.000000	0.000000	0.000000	0	0	4900.116699	12.288167	img__0_1545631925468187400.png
1545631925691	-107.955093	-0.978094	-0.606043	0.999921	0.000041	0.001096	0.012507	1.000000	-0.500000	0.000000	0	0	4787.752441	12.276801	img__0_1545631925686192900.png
1545631925920	-107.140015	-0.961667	-0.605949	0.999937	0.000243	0.000739	0.011174	1.000000	0.000000	0.000000	3	0	4345.777344	12.316053	img__0_1545631925918050300.png
1545631926139	-106.314941	-0.944070	-0.606111	0.999941	0.000242	0.001301	0.010747	1.000000	0.000000	0.000000	3	0	4276.942383	12.528299	img__0_1545631926136174700.png
1545631926366	-105.476036	-0.926418	-0.606198	0.999943	0.000229	0.001598	0.010590	1.000000	0.000000	0.000000	3	0	4214.759277	12.737034	img__0_1545631926358721300.png
1545631926588	-104.623444	-0.908669	-0.606249	0.999943	0.000206	0.001775	0.010537	1.000000	0.000000	0.000000	3	0	4211.018066	12.896914	img__0_1545631926581615800.png
1545631926803	-103.762177	-0.890521	-0.601174	0.999943	0.000175	0.000126	0.010628	1.000000	0.000000	0.000000	3	0	4181.323730	13.084069	img__0_1545631926798566500.png
1545631927024	-102.886948	-0.871918	-0.600925	0.999942	0.000130	-0.000236	0.010730	1.000000	0.000000	0.000000	3	0	4137.422852	13.285701	img__0_1545631927020287200.png
1545631927242	-101.996094	-0.851578	-0.597535	0.999941	-0.000951	0.001464	0.010693	1.000000	0.000000	0.000000	3	0	4101.936035	13.481849	img__0_1545631927238284100.png
1545631927466	-101.093964	-0.833820	-0.595491	0.999940	-0.000315	0.001901	0.010796	1.000000	0.000000	0.000000	3	0	4069.621582	13.668577	img__0_1545631927460727700.png
1545631927681	-100.179901	-0.814535	-0.595558	0.999940	-0.000102	0.002008	0.010800	1.000000	0.000000	0.000000	3	0	4045.265869	13.849035	img__0_1545631927677207400.png
1545631927909	-99.253914	-0.794785	-0.595680	0.999940	-0.000016	0.002033	0.010795	1.000000	0.000000	0.000000	3	0	4026.431885	14.026491	img__0_1545631927906040000.png
1545631928123	-98.316139	-0.774772	-0.595771	0.999940	0.000021	0.002028	0.010792	1.000000	0.000000	0.000000	3	0	4012.727295	14.200795	img__0_1545631928118600200.png
1545631928348	-97.366814	-0.754523	-0.595836	0.999940	0.000035	0.002012	0.010791	1.000000	0.000000	0.000000	3	0	4003.720947	14.371910	img__0_1545631928341907300.png
1545631928564	-96.406128	-0.734039	-0.595882	0.999940	0.000037	0.001990	0.010791	1.000000	0.000000	0.000000	3	0	3998.969238	14.539966	img__0_1545631928560150000.png
1545631928778	-95.434296	-0.713317	-0.595915	0.999940	0.000034	0.001965	0.010791	1.000000	0.000000	0.000000	3	0	3998.044922	14.705205	img__0_1545631928774731000.png
1545631928991	-94.451492	-0.692351	-0.595939	0.999940	0.000029	0.001940	0.010791	1.000000	0.000000	0.000000	3	0	4000.548096	14.867846	img__0_1545631928986856300.png
1545631929210	-93.457878	-0.671145	-0.595954	0.999940	0.000024	0.001915	0.010791	1.000000	0.000000	0.000000	3	0	4006.108154	15.028140	img__0_1545631929205448800.png
1545631929426	-92.453621	-0.649696	-0.595965	0.999940	0.000019	0.001891	0.010791	1.000000	0.000000	0.000000	3	0	4014.387451	15.186289	img__0_1545631929421517600.png
1545631929639	-91.438858	-0.628007	-0.595971	0.999940	0.000015	0.001868	0.010791	1.000000	0.000000	0.000000	3	0	4025.077637	15.342499	img__0_1545631929633816700.png
1545631929856	-90.413712	-0.606079	-0.595975	0.999940	0.000012	0.001846	0.010792	1.000000	0.000000	0.000000	3	0	4037.902588	15.496949	img__0_1545631929852676800.png
1545631930069	-89.378296	-0.583916	-0.595977	0.999940	0.000010	0.001826	0.010792	1.000000	-0.500000	0.000000	3	0	4053.741455	15.648046	img__0_1545631930066478000.png
1545631930286	-88.332909	-0.568345	-0.595973	0.999966	0.000489	0.001790	0.008068	1.000000	0.000000	0.000000	3	0	4067.940430	15.800716	img__0_1545631930282972400.png
1545631930500	-87.275978	-0.553873	-0.601014	0.999976	0.000660	0.003433	0.006003	1.000000	0.000000	0.000000	3	0	4111.013672	15.934048	img__0_1545631930494012200.png
1545631930715	-86.211021	-0.540535	-0.601313	0.999979	0.000746	0.003864	0.005082	1.000000	0.000000	0.000000	3	0	4130.110352	16.083326	img__0_1545631930711306700.png
1545631930922	-85.138672	-0.528428	-0.606787	0.999986	0.000775	0.002215	0.004657	1.000000	0.000000	0.000000	3	0	4149.214844	16.226885	img__0_1545631930917802000.png
1545631931127	-84.054863	-0.517272	-0.606817	0.999988	0.000752	0.001831	0.004477	1.000000	0.000000	0.000000	3	0	4167.238770	16.375427	img__0_1545631931124848000.png
1545631931355	-82.960678	-0.506776	-0.606863	0.999988	0.000615	0.001815	0.004405	1.000000	0.000000	0.000000	3	0	4187.555664	16.522631	img__0_1545631931352483800.png
1545631931556	-81.856789	-0.496810	-0.606573	0.999989	0.000568	0.001733	0.004389	1.000000	0.000000	0.000000	3	0	4208.045898	16.669064	img__0_1545631931550719400.png
1545631931767	-80.743294	-0.486807	-0.606782	0.999989	0.000378	0.001560	0.004410	1.000000	0.000000	0.000000	3	0	4229.585938	16.814959	img__0_1545631931763022700.png
1545631931963	-79.619797	-0.478854	-0.606420	0.999992	0.000485	0.001657	0.003685	1.000000	-0.500000	0.000000	3	0	4255.840820	16.953617	img__0_1545631931959400300.png
1545631932175	-78.487114	-0.478081	-0.606366	0.999998	0.000882	0.001674	0.000419	1.000000	0.000000	0.000000	3	0	4278.857422	17.097649	img__0_1545631932169334000.png
1545631932382	-77.344307	-0.476764	-0.607241	0.999997	0.000681	0.002096	-0.001011	1.000000	0.000000	0.000000	3	0	4302.473633	17.240417	img__0_1545631932372718400.png
1545631932599	-76.192482	-0.477357	-0.607498	0.999996	0.000330	0.002164	-0.001592	1.000000	0.000000	0.000000	3	0	4326.819824	17.382547	img__0_1545631932593299400.png
1545631932805	-75.031830	-0.479478	-0.608384	0.999997	-0.000162	0.001748	-0.001768	1.000000	0.000000	0.000000	3	0	4350.813477	17.524773	img__0_1545631932799118700.png
1545631933017	-73.862473	-0.483020	-0.607095	0.999998	-0.000451	0.000871	-0.001760	1.000000	0.000000	0.000000	3	0	4377.395996	17.665510	img__0_1545631933010884200.png
1545631933211	-72.682259	-0.487134	-0.607390	0.999998	-0.000443	0.001064	-0.001772	1.000000	0.000000	0.000000	3	0	4402.958008	17.805773	img__0_1545631933208216800.png
1545631933416	-71.491798	-0.491843	-0.605887	0.999997	-0.000065	0.001910	-0.001782	1.000000	0.000000	0.000000	3	0	4428.756348	17.944927	img__0_1545631933407397000.png
1545631933617	-70.293381	-0.496191	-0.606167	0.999997	0.000273	0.001724	-0.001803	1.000000	0.000000	0.000000	3	0	4453.620117	18.085003	img__0_1545631933610154100.png
1545631933814	-69.085541	-0.500214	-0.606126	0.999997	0.000367	0.001623	-0.001771	1.000000	0.000000	0.000000	3	0	4479.256836	18.224539	img__0_1545631933808969000.png
1545631934024	-67.868240	-0.504271	-0.606180	0.999997	0.000333	0.001643	-0.001746	1.000000	0.000000	0.000000	3	0	4505.126953	18.363619	img__0_1545631934021192700.png
1545631934219	-66.641655	-0.508372	-0.606170	0.999997	0.000292	0.001676	-0.001756	1.000000	0.000000	0.000000	3	0	4531.169434	18.501892	img__0_1545631934213794300.png
1545631934427	-65.405930	-0.512589	-0.606198	0.999997	0.000228	0.001652	-0.001752	1.000000	0.000000	0.000000	3	0	4557.274414	18.639883	img__0_1545631934424230200.png
1545631934622	-64.160995	-0.516908	-0.606202	0.999997	0.000178	0.001643	-0.001743	1.000000	0.000000	0.000000	3	0	4583.526855	18.777458	img__0_1545631934616546300.png
1545631934817	-62.906898	-0.521277	-0.606205	0.999997	0.000137	0.001638	-0.001733	1.000000	0.000000	0.000000	3	0	4609.893555	18.914616	img__0_1545631934812720400.png
1545631935015	-61.643661	-0.525674	-0.606207	0.999997	0.000105	0.001634	-0.001724	1.000000	0.000000	0.000000	3	0	4636.348145	19.051357	img__0_1545631935008883800.png
1545631935210	-60.371311	-0.530089	-0.606208	0.999997	0.000081	0.001631	-0.001715	1.000000	0.000000	0.000000	3	0	4662.871094	19.187708	img__0_1545631935207476800.png
1545631935414	-59.089882	-0.534514	-0.606209	0.999997	0.000063	0.001628	-0.001707	1.000000	0.000000	0.000000	3	0	4689.446289	19.323677	img__0_1545631935407421900.png
1545631935599	-57.799389	-0.538948	-0.606209	0.999997	0.000050	0.001625	-0.001698	1.000000	0.000000	0.000000	3	0	4716.059570	19.459280	img__0_1545631935594705800.png
1545631935798	-56.499863	-0.543390	-0.606210	0.999997	0.000041	0.001622	-0.001690	1.000000	0.000000	0.000000	3	0	4769.012207	19.572094	img__0_1545631935792277600.png
1545631935978	-55.194866	-0.547830	-0.601100	0.999999	0.000031	-0.000143	-0.001683	1.000000	0.000000	0.000000	3	0	4801.945313	19.701809	img__0_1545631935972950700.png
1545631936161	-53.879440	-0.552284	-0.600836	0.999998	0.000027	-0.000560	-0.001676	1.000000	0.000000	0.000000	3	0	4825.536133	19.839516	img__0_1545631936158052100.png
1545631936346	-52.552204	-0.556768	-0.595368	0.999998	0.000042	0.001133	-0.001667	1.000000	0.000000	0.000000	3	0	4849.019043	19.980585	img__0_1545631936340380800.png
1545631936536	-51.217556	-0.561226	-0.595358	0.999997	0.000031	0.001507	-0.001659	1.000000	0.000000	0.000000	3	0	4873.979492	20.115082	img__0_1545631936531034200.png
1545631936716	-49.874256	-0.565701	-0.595508	0.999997	0.000027	0.001601	-0.001650	1.000000	0.000000	0.000000	0	0	5018.242188	20.249739	img__0_1545631936713857200.png
1545631936905	-48.525078	-0.570176	-0.595530	0.999998	0.000024	0.001309	-0.001642	1.000000	0.000000	0.000000	0	0	4903.168457	20.229202	img__0_1545631936902392400.png
1545631937087	-47.177261	-0.574624	-0.595527	0.999998	0.000023	0.001015	-0.001638	1.000000	0.000000	0.000000	0	0	4790.734375	20.208561	img__0_1545631937081847000.png
1545631937267	-45.830727	-0.579054	-0.595520	0.999998	0.000022	0.000773	-0.001636	1.000000	0.000000	0.000000	4	0	4235.056641	20.279449	img__0_1545631937263705200.png
1545631937444	-44.475750	-0.583500	-0.595652	0.999998	0.000023	0.001083	-0.001631	1.000000	0.000000	0.000000	4	0	4142.590820	20.437099	img__0_1545631937439966700.png
1545631937621	-43.110500	-0.587965	-0.595739	0.999998	0.000024	0.001271	-0.001624	1.000000	0.000000	0.000000	4	0	4063.864014	20.588518	img__0_1545631937617609200.png
1545631937803	-41.735359	-0.592445	-0.595798	0.999998	0.000025	0.001390	-0.001615	1.000000	0.000000	0.000000	4	0	3997.160156	20.733732	img__0_1545631937798520100.png
1545631937969	-40.350681	-0.596935	-0.595838	0.999998	0.000025	0.001463	-0.001606	1.000000	0.000000	0.000000	4	0	3941.296387	20.873287	img__0_1545631937963850900.png
1545631938143	-38.956829	-0.601429	-0.595864	0.999998	0.000025	0.001504	-0.001596	1.000000	0.000000	0.000000	4	0	3895.101807	21.007746	img__0_1545631938139220900.png
1545631938309	-37.554115	-0.605930	-0.595880	0.999998	0.000024	0.001524	-0.001587	1.000000	0.000000	0.000000	4	0	3857.448975	21.137680	img__0_1545631938304775500.png
1545631938486	-36.142830	-0.610432	-0.595890	0.999998	0.000024	0.001529	-0.001577	1.000000	0.000000	0.000000	4	0	3827.281738	21.263628	img__0_1545631938480343700.png
1545631938650	-34.723221	-0.614935	-0.595896	0.999998	0.000023	0.001524	-0.001569	1.000000	0.000000	0.000000	4	0	3803.628906	21.386061	img__0_1545631938647493500.png
1545631938818	-33.295513	-0.619440	-0.595897	0.999998	0.000023	0.001512	-0.001560	1.000000	0.000000	0.000000	4	0	3785.609375	21.505434	img__0_1545631938815014500.png
1545631938982	-31.859898	-0.623943	-0.595897	0.999998	0.000023	0.001497	-0.001551	1.000000	0.000000	0.000000	4	0	3772.437988	21.622160	img__0_1545631938977380300.png
1545631939149	-30.416544	-0.628446	-0.595894	0.999998	0.000022	0.001479	-0.001543	1.000000	0.000000	0.000000	4	0	3763.420898	21.736567	img__0_1545631939144692000.png
1545631939315	-28.965599	-0.632948	-0.595891	0.999998	0.000022	0.001461	-0.001534	1.000000	0.000000	0.000000	4	0	3757.949463	21.848984	img__0_1545631939306967900.png
1545631939479	-27.507189	-0.637449	-0.595888	0.999998	0.000022	0.001443	-0.001526	1.000000	0.000000	0.000000	4	0	3755.495117	21.959686	img__0_1545631939473514200.png
1545631939650	-26.041422	-0.641948	-0.595884	0.999998	0.000022	0.001425	-0.001518	1.000000	0.000000	0.000000	4	0	3755.602051	22.068884	img__0_1545631939647071700.png
1545631939807	-24.568398	-0.646445	-0.595881	0.999998	0.000022	0.001409	-0.001510	1.000000	0.000000	0.000000	4	0	3757.877197	22.176785	img__0_1545631939802062800.png
1545631939970	-23.088196	-0.650940	-0.595877	0.999998	0.000022	0.001394	-0.001502	1.000000	0.000000	0.000000	4	0	3761.984619	22.283564	img__0_1545631939967309300.png
1545631940132	-21.600893	-0.655432	-0.595873	0.999998	0.000022	0.001380	-0.001494	1.000000	0.000000	0.000000	4	0	3767.637695	22.389378	img__0_1545631940124701500.png
1545631940295	-20.106548	-0.659922	-0.595870	0.999998	0.000022	0.001367	-0.001486	1.000000	0.000000	0.000000	4	0	3774.593262	22.494326	img__0_1545631940288284900.png
1545631940446	-18.605219	-0.664409	-0.595868	0.999998	0.000022	0.001356	-0.001478	1.000000	0.000000	0.000000	4	0	3782.644775	22.598520	img__0_1545631940440447200.png
1545631940607	-17.096952	-0.668893	-0.595865	0.999998	0.000022	0.001346	-0.001470	1.000000	0.000000	0.000000	4	0	3791.616211	22.702057	img__0_1545631940603794700.png
1545631940773	-15.581792	-0.673373	-0.595863	0.999998	0.000022	0.001337	-0.001462	1.000000	0.000000	0.000000	4	0	3801.359375	22.805019	img__0_1545631940767874500.png
1545631940934	-14.059775	-0.677849	-0.595861	0.999998	0.000022	0.001330	-0.001454	1.000000	0.000000	0.000000	4	0	3811.750000	22.907454	img__0_1545631940930921600.png
1545631941093	-12.530937	-0.682321	-0.595859	0.999998	0.000022	0.001323	-0.001446	1.000000	0.000000	0.000000	4	0	3822.681152	23.009417	img__0_1545631941088377900.png
1545631941251	-10.995306	-0.686787	-0.595857	0.999998	0.000022	0.001317	-0.001438	1.000000	0.000000	0.000000	4	0	3834.064697	23.110962	img__0_1545631941247971100.png
1545631941419	-9.452911	-0.691250	-0.595856	0.999998	0.000022	0.001311	-0.001430	1.000000	0.000000	0.000000	4	0	3845.824707	23.212122	img__0_1545631941409934800.png
1545631941565	-7.898894	-0.695720	-0.602973	0.999987	0.000026	0.004898	-0.001422	0.000000	0.000000	0.000000	0	0	3749.405762	23.295118	img__0_1545631941560653800.png
1545631941728	-6.347075	-0.700234	-0.601569	0.999992	0.000058	0.003813	-0.001435	-1.000000	0.000000	0.000000	-1	0	3411.207764	23.282087	img__0_1545631941722505500.png
1545631941882	-4.805388	-0.704771	-0.608139	0.999998	0.000147	0.001216	-0.001467	-1.000000	0.000000	0.000000	-1	0	3093.682617	22.820133	img__0_1545631941879513300.png
1545631942037	-3.296853	-0.708890	-0.609915	0.999997	0.000011	-0.002041	-0.001372	-1.000000	0.000000	0.000000	-1	0	3035.401367	22.322510	img__0_1545631942031787600.png
1545631942197	-1.818654	-0.713225	-0.607340	0.999995	0.000077	-0.003034	-0.001320	-1.000000	0.000000	0.000000	-1	0	3048.485596	21.829794	img__0_1545631942190269400.png
1545631942350	-0.371498	-0.717657	-0.605386	0.999992	-0.000199	-0.002916	-0.002912	-1.000000	0.000000	0.000000	-1	0	3081.016602	21.373304	img__0_1545631942347624300.png
1545631942503	1.044384	-0.723447	-0.604988	0.999992	0.000064	-0.003416	-0.001931	-1.000000	0.000000	0.000000	-1	0	3143.148193	20.971899	img__0_1545631942500523400.png
1545631942663	2.434319	-0.729854	-0.605149	0.999987	0.000099	-0.003525	-0.003819	-1.000000	0.000000	0.000000	-1	0	3149.506104	20.464710	img__0_1545631942654113400.png
1545631942804	3.792832	-0.737961	-0.606861	0.999985	0.000093	-0.002949	-0.004651	-1.000000	0.000000	0.000000	-1	0	3189.994141	20.025599	img__0_1545631942802864400.png
1545631942956	5.118002	-0.746962	-0.607563	0.999986	-0.000008	-0.003777	-0.003638	-1.000000	0.000000	0.000000	-1	0	3196.256348	19.529310	img__0_1545631942952968300.png
1545631943114	6.409846	-0.756415	-0.606189	0.999977	-0.000032	-0.005503	-0.004062	-1.000000	0.000000	0.000000	-1	0	3204.224121	19.032207	img__0_1545631943109433800.png
1545631943266	7.670090	-0.765496	-0.606717	0.999980	0.000070	-0.005704	-0.002835	-1.000000	0.000000	0.000000	-1	0	3304.712158	18.712223	img__0_1545631943262958600.png
1545631943417	8.905618	-0.773419	-0.599335	0.999974	0.000146	-0.006897	-0.002094	-1.000000	0.000000	0.000000	-1	0	3290.441895	18.169367	img__0_1545631943410557100.png
1545631943568	10.107593	-0.779701	-0.598976	0.999972	0.000047	-0.007230	-0.001787	-1.000000	0.000000	0.000000	-1	0	3278.100098	17.642141	img__0_1545631943560022000.png
1545631943714	11.277391	-0.785074	-0.593560	0.999983	-0.000051	-0.005594	-0.001640	0.000000	0.000000	0.000000	0	0	3359.961670	17.110306	img__0_1545631943709420800.png
1545631943864	12.422899	-0.789686	-0.593841	0.999991	-0.000125	-0.003920	-0.001577	1.000000	0.000000	0.000000	0	0	3436.159668	17.165833	img__0_1545631943856392900.png
1545631944005	13.568584	-0.793788	-0.594209	0.999994	-0.000165	-0.003042	-0.001554	1.000000	0.000000	0.000000	0	0	3653.867676	17.150492	img__0_1545631944002211400.png
1545631944148	14.712930	-0.797626	-0.594512	0.999996	-0.000169	-0.002339	-0.001546	1.000000	0.000000	0.000000	0	0	3929.032227	17.134735	img__0_1545631944142567300.png
1545631944288	15.855953	-0.801318	-0.594745	0.999997	-0.000150	-0.001794	-0.001542	1.000000	0.000000	0.000000	0	0	4201.418945	17.118698	img__0_1545631944285695400.png
1545631944434	16.997694	-0.804926	-0.594922	0.999998	-0.000120	-0.001375	-0.001541	1.000000	0.000000	0.000000	0	0	4471.056152	17.102484	img__0_1545631944429317700.png
1545631944567	18.138193	-0.808483	-0.595057	0.999998	-0.000088	-0.001055	-0.001541	1.000000	0.000000	0.000000	0	0	4737.971191	17.086159	img__0_1545631944564622200.png
1545631944711	19.277477	-0.812009	-0.595159	0.999998	-0.000060	-0.000810	-0.001541	1.000000	0.000000	0.000000	0	0	5002.192383	17.069769	img__0_1545631944707450700.png
1545631944842	20.415573	-0.815519	-0.595237	0.999999	-0.000036	-0.000623	-0.001541	1.000000	0.000000	0.000000	0	0	5263.763672	17.053331	img__0_1545631944837752100.png
1545631944979	21.552500	-0.819020	-0.595296	0.999999	-0.000016	-0.000481	-0.001541	1.000000	0.000000	0.000000	0	0	5522.738770	17.036863	img__0_1545631944971050400.png
1545631945113	22.688271	-0.822513	-0.595342	0.999999	-0.000002	-0.000372	-0.001541	1.000000	0.000000	0.000000	0	0	5779.144043	17.020382	img__0_1545631945104838200.png
1545631945252	23.822897	-0.826003	-0.595376	0.999999	0.000009	-0.000289	-0.001541	0.000000	0.000000	0.000000	0	0	5838.594238	17.003887	img__0_1545631945239610100.png
1545631945379	24.956387	-0.829490	-0.595402	0.999999	0.000016	-0.000226	-0.001541	-1.000000	0.000000	0.000000	-1	0	5444.552246	16.720123	img__0_1545631945372567100.png
1545631945516	26.058676	-0.832884	-0.594960	0.999997	0.000019	-0.001835	-0.001549	-1.000000	0.000000	0.000000	-1	0	5334.781738	16.113333	img__0_1545631945506447100.png
1545631945657	27.121399	-0.836174	-0.594651	0.999994	0.000021	-0.002960	-0.001571	-1.000000	0.000000	0.000000	-1	0	5258.687012	15.509103	img__0_1545631945652222500.png
1545631945785	28.144203	-0.839375	-0.594414	0.999991	0.000024	-0.003824	-0.001599	-1.000000	0.000000	0.000000	-1	0	5181.895996	14.902694	img__0_1545631945782547200.png
1545631945931	29.126833	-0.842494	-0.594227	0.999989	0.000027	-0.004499	-0.001629	-1.000000	0.000000	0.000000	-1	0	5104.031250	14.293180	img__0_1545631945921410700.png
1545631946070	30.069050	-0.845537	-0.594081	0.999986	0.000031	-0.005029	-0.001658	-1.000000	0.000000	0.000000	-1	0	5024.960449	13.679807	img__0_1545631946062903000.png
1545631946239	30.970610	-0.848501	-0.593967	0.999984	0.000034	-0.005442	-0.001688	-1.000000	0.000000	0.000000	-1	0	4944.590332	13.061349	img__0_1545631946232838800.png
1545631946360	31.831272	-0.851382	-0.593878	0.999982	0.000036	-0.005758	-0.001716	-1.000000	0.000000	0.000000	-1	0	4862.898926	12.435796	img__0_1545631946355140500.png
1545631946498	32.650745	-0.854175	-0.593813	0.999981	0.000037	-0.005988	-0.001745	-1.000000	0.000000	0.000000	-1	0	4779.936035	11.801178	img__0_1545631946489109700.png
1545631946634	33.428593	-0.856871	-0.593765	0.999980	0.000038	-0.006151	-0.001773	-1.000000	0.000000	0.000000	-1	0	4695.631836	11.159782	img__0_1545631946627014300.png
1545631946769	34.164181	-0.859467	-0.593724	0.999979	0.000037	-0.006289	-0.001802	0.000000	0.000000	0.000000	0	0	4772.936523	10.957176	img__0_1545631946766322100.png
1545631946910	34.901718	-0.862108	-0.594337	0.999990	0.000041	-0.004112	-0.001814	1.000000	0.000000	0.000000	0	0	4899.261230	10.914200	img__0_1545631946906543800.png
1545631947048	35.636875	-0.864762	-0.594713	0.999995	0.000043	-0.002733	-0.001816	1.000000	0.000000	0.000000	0	0	5149.303711	10.885800	img__0_1545631947045600100.png
1545631947186	36.370235	-0.867419	-0.594973	0.999997	0.000042	-0.001797	-0.001817	1.000000	0.000000	0.000000	0	0	5409.415527	10.874852	img__0_1545631947180273900.png
1545631947327	37.102486	-0.870078	-0.595157	0.999998	0.000040	-0.001153	-0.001818	1.000000	0.000000	0.000000	0	0	5285.372559	10.865462	img__0_1545631947321271900.png
1545631947454	37.833847	-0.872736	-0.595292	0.999998	0.000038	-0.000681	-0.001818	1.000000	0.000000	0.000000	0	0	5164.173828	10.854850	img__0_1545631947449901900.png
1545631947586	38.564358	-0.875389	-0.595395	0.999998	0.000036	-0.000323	-0.001818	1.000000	0.000000	0.000000	1	0	4938.100586	10.955937	img__0_1545631947583334000.png
1545631947729	39.299023	-0.878060	-0.595443	0.999998	0.000035	-0.000165	-0.001816	1.000000	0.000000	0.000000	1	0	5167.391113	10.999566	img__0_1545631947720663000.png
1545631947868	40.037014	-0.880741	-0.595520	0.999998	0.000034	0.000104	-0.001814	1.000000	0.000000	0.000000	1	0	5385.607422	11.058067	img__0_1545631947864571000.png
1545631947983	40.779140	-0.883434	-0.595595	0.999998	0.000033	0.000371	-0.001811	1.000000	0.000000	0.000000	1	0	5594.254395	11.130696	img__0_1545631947972341500.png
1545631948117	41.526226	-0.886140	-0.595662	0.999998	0.000033	0.000608	-0.001808	1.000000	0.000000	0.000000	1	0	5794.586914	11.214375	img__0_1545631948107502400.png
1545631948235	42.278988	-0.888862	-0.595720	0.999998	0.000032	0.000814	-0.001804	1.000000	0.000000	0.000000	1	0	5987.610352	11.307601	img__0_1545631948232882300.png
1545631948372	43.038025	-0.891603	-0.595770	0.999998	0.000032	0.000991	-0.001800	1.000000	0.000000	0.000000	1	0	6174.147949	11.408968	img__0_1545631948354764000.png
1545631948494	43.803860	-0.894360	-0.595813	0.999998	0.000032	0.001143	-0.001796	1.000000	0.000000	0.000000	1	0	6354.875488	11.517375	img__0_1545631948487318900.png
1545631948632	44.576958	-0.897137	-0.595850	0.999998	0.000031	0.001274	-0.001791	1.000000	0.000000	0.000000	1	0	6530.357422	11.631889	img__0_1545631948622160900.png
1545631948758	45.357700	-0.899936	-0.595881	0.999997	0.000031	0.001385	-0.001786	1.000000	0.000000	0.000000	1	0	6701.071289	11.751748	img__0_1545631948748173200.png
1545631948881	46.146435	-0.902755	-0.595908	0.999997	0.000031	0.001481	-0.001781	1.000000	0.000000	0.000000	1	0	6867.421875	11.876301	img__0_1545631948877838600.png
1545631949004	46.943466	-0.905594	-0.595931	0.999997	0.000031	0.001562	-0.001776	1.000000	0.000000	0.000000	1	0	7029.758789	12.004990	img__0_1545631949001893000.png
1545631949143	47.749062	-0.908457	-0.595950	0.999997	0.000031	0.001632	-0.001770	1.000000	0.000000	0.000000	1	0	7188.383789	12.137340	img__0_1545631949136622300.png
1545631949266	48.563461	-0.911343	-0.595966	0.999997	0.000031	0.001691	-0.001764	1.000000	0.000000	0.000000	0	0	7384.986816	12.273291	img__0_1545631949262410000.png
1545631949397	49.381260	-0.914231	-0.595815	0.999998	0.000029	0.001155	-0.001760	1.000000	0.000000	0.000000	0	0	7215.641602	12.265987	img__0_1545631949393068800.png
1545631949519	50.198669	-0.917112	-0.595726	0.999998	0.000029	0.000839	-0.001759	1.000000	0.000000	0.000000	0	0	7050.179199	12.254879	img__0_1545631949516769500.png
1545631949648	51.015442	-0.919987	-0.595667	0.999998	0.000029	0.000629	-0.001759	1.000000	0.000000	0.000000	2	0	6477.398926	12.301810	img__0_1545631949644124400.png
1545631949767	51.843384	-0.922899	-0.595880	0.999997	0.000031	0.001388	-0.001755	1.000000	0.000000	0.000000	2	0	6438.577148	12.539601	img__0_1545631949764174400.png
1545631949895	52.686760	-0.925858	-0.596003	0.999997	0.000032	0.001824	-0.001747	1.000000	0.000000	0.000000	2	0	6403.491699	12.778370	img__0_1545631949891711400.png
1545631950020	53.545677	-0.928857	-0.596081	0.999996	0.000032	0.002098	-0.001737	1.000000	0.000000	0.000000	2	0	6372.350586	13.013862	img__0_1545631950016957300.png
1545631950150	54.419983	-0.931897	-0.596133	0.999996	0.000031	0.002281	-0.001727	1.000000	0.000000	0.000000	2	0	6344.986816	13.245917	img__0_1545631950143591700.png
1545631950281	55.309486	-0.934972	-0.596167	0.999996	0.000031	0.002404	-0.001716	1.000000	0.000000	0.000000	2	0	6307.496094	13.490295	img__0_1545631950272897400.png
1545631950405	56.215042	-0.938085	-0.601201	0.999990	0.000033	0.004037	-0.001706	1.000000	0.000000	0.000000	2	0	6332.890137	13.675242	img__0_1545631950401883900.png
1545631950533	57.132988	-0.941223	-0.601530	0.999988	0.000033	0.004579	-0.001696	1.000000	0.000000	0.000000	2	0	6315.762695	13.894646	img__0_1545631950528846600.png
1545631950665	58.061287	-0.944907	-0.609792	0.999997	0.000452	0.001830	-0.001669	1.000000	0.000000	0.000000	2	0	6300.001953	14.124119	img__0_1545631950652744300.png
1545631950791	59.008850	-0.948198	-0.608265	0.999995	0.000737	0.002641	-0.001646	1.000000	0.000000	0.000000	2	0	6289.998047	14.336317	img__0_1545631950786742100.png
1545631950916	59.968544	-0.950961	-0.607286	0.999997	0.000633	0.001931	-0.001631	1.000000	0.000000	0.000000	2	0	6280.780273	14.548159	img__0_1545631950908768200.png
1545631951039	60.943359	-0.954447	-0.607959	0.999996	0.000946	0.001934	-0.001599	0.000000	0.000000	0.000000	2	0	5782.091797	14.753681	img__0_1545631951031959800.png
1545631951165	61.931931	-0.957296	-0.607375	0.999996	0.000887	0.002186	-0.001580	0.000000	0.000000	0.000000	2	0	4910.624512	14.936964	img__0_1545631951151756200.png
1545631951281	62.931633	-0.961727	-0.606564	0.999995	0.000450	0.002246	-0.002333	0.000000	-0.500000	0.000000	2	0	4186.060547	15.071791	img__0_1545631951277686300.png
1545631951411	63.938667	-0.979412	-0.606434	0.999967	0.001105	0.002026	-0.007767	0.000000	-0.500000	0.000000	2	0	3599.120605	15.144150	img__0_1545631951403821500.png
1545631951531	64.948433	-1.019479	-0.606318	0.999804	0.002714	0.001630	-0.019568	0.000000	-0.500000	0.000000	0	0	3516.589111	15.115820	img__0_1545631951527434500.png
1545631951667	65.953682	-1.090034	-0.606195	0.999288	0.005038	0.001072	-0.037386	0.000000	-0.500000	0.000000	0	0	3435.950195	15.079316	img__0_1545631951660857600.png
1545631951779	66.953125	-1.194010	-0.606099	0.998266	0.007553	0.000482	-0.058370	0.000000	-0.500000	0.000000	1	0	3215.423584	15.037603	img__0_1545631951775327600.png
1545631951906	67.941032	-1.333280	-0.605907	0.996709	0.009944	-0.000560	-0.080444	0.000000	-0.500000	0.000000	1	0	2926.608643	14.800696	img__0_1545631951900781700.png
1545631952024	68.906967	-1.507466	-0.605739	0.994642	0.012052	-0.001604	-0.102663	0.000000	-0.500000	0.000000	1	0	2678.188965	14.548427	img__0_1545631952018503100.png
1545631952148	69.848297	-1.717587	-0.605639	0.992088	0.013870	-0.002588	-0.124748	-1.000000	-0.500000	0.000000	-1	0	2301.590332	14.171992	img__0_1545631952137542500.png
1545631952264	70.752518	-1.954677	-0.605302	0.989424	0.014880	-0.004105	-0.144226	-1.000000	-0.500000	0.000000	-1	0	2219.477295	13.776220	img__0_1545631952259139100.png
1545631952389	71.621674	-2.220105	-0.605117	0.986934	0.015567	-0.005148	-0.160287	-1.000000	-0.500000	0.000000	-1	0	2259.082275	13.288676	img__0_1545631952385172900.png
1545631952511	72.449768	-2.506565	-0.605098	0.984178	0.015671	-0.006119	-0.176381	-1.000000	-0.500000	0.000000	-1	0	2302.424805	12.813504	img__0_1545631952506330200.png
1545631952634	73.237617	-2.811807	-0.604799	0.981441	0.015361	-0.006746	-0.191031	-1.000000	-0.500000	0.000000	-1	0	2367.695801	12.378523	img__0_1545631952628400500.png
1545631952758	73.989479	-3.134806	-0.607279	0.978704	0.014860	-0.006014	-0.204651	-1.000000	-0.500000	0.000000	-1	0	2442.316650	11.970695	img__0_1545631952749270900.png
1545631952879	74.703857	-3.469166	-0.607030	0.975946	0.014023	-0.006373	-0.217469	-1.000000	-0.500000	0.000000	-1	0	2451.961670	11.442561	img__0_1545631952876362900.png
1545631953000	75.375801	-3.809573	-0.607337	0.972741	0.012811	-0.006916	-0.231436	-1.000000	-0.500000	0.000000	-1	0	2457.089844	10.898520	img__0_1545631952997807700.png
1545631953129	76.004936	-4.156719	-0.609551	0.969176	0.011624	-0.007935	-0.245968	-1.000000	-0.500000	0.000000	-1	0	2489.990234	10.400278	img__0_1545631953117466300.png
1545631953253	76.596146	-4.510189	-0.609279	0.965312	0.011103	-0.007822	-0.260746	-1.000000	-0.500000	0.000000	-1	0	2538.713867	9.925076	img__0_1545631953242716100.png
1545631953364	77.148102	-4.866977	-0.608930	0.961186	0.010440	-0.007964	-0.275587	-1.000000	-0.500000	0.000000	-1	0	2581.727539	9.459264	img__0_1545631953361116400.png
1545631953492	77.662094	-5.226033	-0.608674	0.956753	0.009847	-0.008049	-0.290624	-1.000000	-0.500000	0.000000	-1	0	2632.941650	9.008997	img__0_1545631953485492500.png
1545631953609	78.139114	-5.585776	-0.608563	0.952025	0.009353	-0.008100	-0.305771	-1.000000	-0.500000	0.000000	-1	0	2685.934326	8.563699	img__0_1545631953600317300.png
1545631953727	78.579765	-5.943833	-0.608599	0.947034	0.008814	-0.008084	-0.320909	1.000000	-0.500000	0.000000	0	0	2889.594238	8.435225	img__0_1545631953719719400.png
1545631953846	79.001183	-6.319321	-0.607655	0.940671	0.008452	-0.007283	-0.339136	1.000000	-0.500000	0.000000	0	0	3172.473633	8.408615	img__0_1545631953842224300.png
1545631953969	79.403107	-6.711492	-0.607715	0.933281	0.008387	-0.006709	-0.358987	1.000000	-0.500000	0.000000	0	0	3452.498047	8.397703	img__0_1545631953961963200.png
1545631954089	79.786842	-7.120376	-0.606807	0.925401	0.008623	-0.006849	-0.378830	1.000000	-0.500000	0.000000	0	0	3729.695557	8.372478	img__0_1545631954084176400.png
1545631954216	80.151474	-7.543435	-0.607022	0.916952	0.008931	-0.006824	-0.398840	1.000000	-0.500000	0.000000	0	0	4004.094727	8.365318	img__0_1545631954210230000.png
1545631954343	80.499596	-7.979218	-0.602434	0.908390	0.007418	-0.007130	-0.417997	1.000000	-0.500000	0.000000	0	0	4275.723633	8.339183	img__0_1545631954339310800.png
1545631954463	80.825172	-8.430769	-0.603221	0.899151	0.006769	-0.006403	-0.437540	1.000000	-0.500000	0.000000	0	0	4544.611328	8.323537	img__0_1545631954455410900.png
1545631954585	81.129639	-8.895039	-0.599124	0.889587	0.006854	-0.007697	-0.456649	1.000000	-0.500000	0.000000	0	0	4810.784180	8.306075	img__0_1545631954582550700.png
1545631954710	81.414734	-9.370684	-0.599959	0.879728	0.007726	-0.007847	-0.475349	1.000000	-0.500000	0.000000	0	0	5074.270508	8.291168	img__0_1545631954707456100.png
1545631954830	81.679070	-9.856672	-0.600154	0.869379	0.008014	-0.008002	-0.494015	1.000000	-0.500000	0.000000	0	0	5335.126465	8.289019	img__0_1545631954827492400.png
1545631954958	81.924324	-10.352744	-0.597526	0.858455	0.007067	-0.006583	-0.512799	1.000000	-0.500000	0.000000	0	0	5593.393066	8.265167	img__0_1545631954949116900.png
1545631955082	82.144127	-10.859472	-0.594844	0.846707	0.008428	-0.006268	-0.531956	1.000000	-0.500000	0.000000	0	0	5655.582031	8.229535	img__0_1545631955078787700.png
1545631955209	82.341248	-11.372011	-0.594917	0.834957	0.008840	-0.006405	-0.550207	1.000000	-0.500000	0.000000	0	0	5525.894043	8.204777	img__0_1545631955201078500.png
1545631955341	82.514687	-11.891150	-0.595054	0.822830	0.008953	-0.006638	-0.568178	1.000000	-0.500000	0.000000	1	0	5083.726563	8.189813	img__0_1545631955334394800.png
1545631955459	82.665741	-12.423825	-0.595374	0.810091	0.009460	-0.006298	-0.586193	1.000000	-0.500000	0.000000	1	0	5259.514160	8.309258	img__0_1545631955452860300.png
1545631955584	82.795174	-12.969927	-0.595555	0.796654	0.009632	-0.006241	-0.604327	1.000000	-0.500000	0.000000	1	0	5430.268066	8.466555	img__0_1545631955581700300.png
1545631955710	82.902802	-13.530823	-0.595678	0.782998	0.009701	-0.006298	-0.621917	1.000000	-0.500000	0.000000	1	0	5597.250977	8.586169	img__0_1545631955707459300.png
1545631955834	82.987381	-14.103945	-0.595774	0.768658	0.009725	-0.006397	-0.639554	1.000000	-0.500000	0.000000	1	0	5760.341309	8.754809	img__0_1545631955831124800.png
1545631955959	83.048195	-14.690781	-0.595843	0.754182	0.009750	-0.006579	-0.656560	1.000000	-0.500000	0.000000	1	0	5920.354492	8.877206	img__0_1545631955953068800.png
1545631956085	83.084167	-15.288205	-0.595903	0.739020	0.009768	-0.006776	-0.673579	1.000000	-0.500000	0.000000	1	0	6077.069824	9.048550	img__0_1545631956082498400.png
1545631956214	83.094444	-15.897458	-0.595944	0.723733	0.009783	-0.007042	-0.689975	1.000000	-0.500000	0.000000	1	0	6231.130371	9.178820	img__0_1545631956210789600.png
1545631956350	83.078171	-16.515585	-0.595982	0.707836	0.009792	-0.007309	-0.706271	1.000000	-0.500000	0.000000	1	0	6382.373535	9.346814	img__0_1545631956347519700.png
1545631956481	83.034439	-17.143127	-0.596007	0.691779	0.009789	-0.007626	-0.722002	1.000000	-0.500000	0.000000	1	0	6531.239258	9.486783	img__0_1545631956475382500.png
1545631956612	82.962616	-17.777647	-0.596031	0.675227	0.009776	-0.007939	-0.737503	1.000000	-0.500000	0.000000	1	0	6677.662109	9.649885	img__0_1545631956609189100.png
1545631956758	82.861847	-18.418879	-0.596046	0.658473	0.009745	-0.008282	-0.752496	1.000000	-0.500000	0.000000	1	0	6821.908691	9.798037	img__0_1545631956750663800.png
1545631956894	82.736259	-19.066536	-0.596070	0.642881	0.009540	-0.008253	-0.765863	1.000000	0.000000	0.000000	1	0	6961.408691	9.983877	img__0_1545631956885159200.png
1545631957029	82.606071	-19.725552	-0.596073	0.635071	0.008452	-0.007014	-0.772376	1.000000	0.000000	0.000000	1	0	7100.317871	10.147182	img__0_1545631957025987800.png
1545631957168	82.473862	-20.396006	-0.596111	0.633122	0.007178	-0.005335	-0.774000	1.000000	0.000000	0.000000	0	0	7137.718750	10.124946	img__0_1545631957165187600.png
1545631957319	82.339439	-21.064535	-0.596065	0.632672	0.005807	-0.003961	-0.774388	1.000000	0.000000	0.000000	0	0	6974.043457	10.122274	img__0_1545631957316155600.png
1545631957463	82.203781	-21.732389	-0.595999	0.632565	0.004559	-0.002807	-0.774488	1.000000	0.000000	0.000000	2	0	6360.365234	10.111823	img__0_1545631957454438600.png
1545631957605	82.070030	-22.401707	-0.595991	0.633416	0.003533	-0.001573	-0.773802	1.000000	0.500000	0.000000	2	0	6314.011719	10.362902	img__0_1545631957599361400.png
1545631957741	81.944931	-23.089521	-0.596047	0.637893	0.002451	0.000096	-0.770121	1.000000	0.500000	0.000000	2	0	6272.824219	10.594552	img__0_1545631957733686200.png
1545631957873	81.838104	-23.795595	-0.596096	0.647202	0.001030	0.002081	-0.762315	1.000000	0.500000	0.000000	2	0	6241.292480	10.811857	img__0_1545631957867200200.png
1545631958014	81.752159	-24.519499	-0.596155	0.659410	-0.000369	0.003989	-0.751773	1.000000	0.000000	0.000000	2	0	6201.056641	11.063065	img__0_1545631958011810500.png
1545631958158	81.668472	-25.259892	-0.596190	0.666621	-0.000797	0.004662	-0.745382	1.000000	0.000000	0.000000	2	0	6164.930664	11.305189	img__0_1545631958151393100.png
1545631958305	81.585777	-26.016665	-0.596229	0.669441	-0.000763	0.004806	-0.742849	1.000000	0.500000	0.000000	2	0	6128.999512	11.542160	img__0_1545631958298579500.png
1545631958444	81.510078	-26.789951	-0.596252	0.672099	-0.000681	0.004834	-0.740445	1.000000	0.000000	0.000000	2	0	6094.995605	11.784193	img__0_1545631958441111800.png
1545631958580	81.433075	-27.579140	-0.596271	0.672884	-0.000268	0.004464	-0.739735	1.000000	0.000000	0.000000	2	0	6063.697754	12.023097	img__0_1545631958577481200.png
1545631958723	81.355919	-28.384125	-0.596283	0.673079	0.000191	0.004010	-0.739560	1.000000	0.000000	0.000000	2	0	6036.202148	12.259021	img__0_1545631958714175600.png
1545631958858	81.278084	-29.204628	-0.596288	0.673110	0.000627	0.003550	-0.739533	1.000000	0.000000	0.000000	2	0	6012.496582	12.491547	img__0_1545631958853781200.png
1545631959001	81.201172	-30.040506	-0.596287	0.673708	0.000893	0.003240	-0.738989	1.000000	0.500000	0.000000	2	0	5995.473633	12.714915	img__0_1545631958998341100.png
1545631959145	81.134560	-30.891737	-0.596272	0.677488	0.000610	0.003452	-0.735525	1.000000	0.500000	0.000000	2	0	5987.668945	12.922404	img__0_1545631959141997500.png
1545631959285	81.087128	-31.757559	-0.596244	0.685556	-0.000290	0.004234	-0.728007	1.000000	0.000000	0.000000	2	0	5982.057617	13.129701	img__0_1545631959279585800.png
1545631959417	81.051102	-32.638130	-0.596239	0.693069	-0.000840	0.004767	-0.720855	1.000000	0.000000	0.000000	0	0	6037.854004	13.231772	img__0_1545631959415034200.png
1545631959553	81.016235	-33.520992	-0.596064	0.695977	-0.001240	0.004269	-0.718050	1.000000	0.000000	0.000000	0	0	5899.399414	13.214116	img__0_1545631959549120700.png
1545631959691	80.985703	-34.403503	-0.595953	0.696940	-0.001339	0.003794	-0.717118	1.000000	0.000000	0.000000	3	0	5286.237305	13.192869	img__0_1545631959684117800.png
1545631959843	80.958199	-35.289116	-0.595989	0.697150	-0.000946	0.003564	-0.716916	1.000000	0.000000	0.000000	3	0	5174.426270	13.426065	img__0_1545631959833087900.png
1545631959968	80.931824	-36.190304	-0.596049	0.697237	-0.000408	0.003307	-0.716833	1.000000	0.000000	0.000000	3	0	5072.955078	13.657142	img__0_1545631959964149500.png
1545631960110	80.905869	-37.106640	-0.596097	0.697270	0.000111	0.003012	-0.716803	1.000000	0.000000	0.000000	3	0	4980.128418	13.882940	img__0_1545631960101663100.png
1545631960243	80.879951	-38.037739	-0.596131	0.697281	0.000553	0.002721	-0.716793	1.000000	0.000000	0.000000	3	0	4895.900391	14.103055	img__0_1545631960239350000.png
1545631960383	80.855766	-38.983204	-0.596150	0.697852	0.000793	0.002563	-0.716237	1.000000	0.500000	0.000000	3	0	4823.812988	14.311574	img__0_1545631960369355600.png
1545631960508	80.837700	-39.942497	-0.596158	0.699971	0.000770	0.002628	-0.714166	1.000000	0.000000	0.000000	3	0	4744.253906	14.532808	img__0_1545631960503635600.png
1545631960646	80.818535	-40.916641	-0.601181	0.700749	0.002036	0.003613	-0.713396	1.000000	0.000000	0.000000	3	0	4730.371582	14.704574	img__0_1545631960643120500.png
1545631960783	80.800323	-41.901947	-0.601490	0.701059	0.002482	0.003833	-0.713089	1.000000	0.000000	0.000000	3	0	4677.995605	14.901202	img__0_1545631960777465400.png
1545631960915	80.782883	-42.895142	-0.608322	0.701168	0.000118	0.001301	-0.712995	1.000000	0.000000	0.000000	3	0	4625.788574	15.104089	img__0_1545631960912314100.png
1545631961044	80.765526	-43.907051	-0.606982	0.701227	0.000871	0.001813	-0.712936	1.000000	0.000000	0.000000	3	0	4586.812012	15.291992	img__0_1545631961041330500.png
1545631961180	80.750099	-44.930550	-0.606824	0.701760	0.001034	0.001961	-0.712410	1.000000	0.500000	0.000000	3	0	4555.845703	15.469452	img__0_1545631961177543700.png
1545631961319	80.741714	-45.965752	-0.606719	0.704009	0.000846	0.002215	-0.710187	1.000000	0.000000	0.000000	3	0	4526.793945	15.650192	img__0_1545631961311852000.png
1545631961446	80.732773	-47.012844	-0.606632	0.704925	0.000850	0.002208	-0.709278	1.000000	0.000000	0.000000	3	0	4502.234375	15.827929	img__0_1545631961443622100.png
1545631961573	80.725174	-48.071697	-0.606544	0.705286	0.000868	0.002197	-0.708919	1.000000	0.000000	0.000000	3	0	4482.819336	16.001869	img__0_1545631961567450900.png
1545631961700	80.718689	-49.141975	-0.606505	0.705415	0.000893	0.002106	-0.708790	1.000000	0.000000	0.000000	3	0	4467.993164	16.172750	img__0_1545631961697232500.png
1545631961831	80.712891	-50.223537	-0.606458	0.705458	0.000950	0.001998	-0.708749	1.000000	0.000000	0.000000	3	0	4457.332520	16.340542	img__0_1545631961825686500.png
1545631961966	80.707520	-51.316444	-0.606826	0.705452	0.001090	0.002086	-0.708753	1.000000	0.000000	0.000000	3	0	4450.139160	16.505350	img__0_1545631961961221100.png
1545631962091	80.702515	-52.420433	-0.607697	0.705425	0.001129	0.002525	-0.708779	1.000000	0.000000	0.000000	3	0	4448.546875	16.666466	img__0_1545631962086372100.png
1545631962227	80.697243	-53.534271	-0.607942	0.705437	0.000800	0.002478	-0.708768	1.000000	0.000000	0.000000	3	0	4448.341309	16.826109	img__0_1545631962213030800.png
1545631962341	80.691788	-54.657108	-0.607316	0.705508	-0.000221	0.001660	-0.708700	1.000000	0.000000	0.000000	3	0	4452.692383	16.983908	img__0_1545631962336294300.png
1545631962466	80.686287	-55.792465	-0.607470	0.705523	0.000006	0.001800	-0.708685	1.000000	0.000000	0.000000	3	0	4459.187012	17.138729	img__0_1545631962464062300.png
1545631962597	80.680367	-56.933002	-0.598835	0.705513	-0.001649	-0.000576	-0.708695	1.000000	0.000000	0.000000	3	0	4492.665527	17.276682	img__0_1545631962591758600.png
1545631962715	80.674957	-58.087914	-0.600576	0.705494	-0.000782	-0.000395	-0.708715	1.000000	0.000000	0.000000	3	0	4510.152832	17.423204	img__0_1545631962712341000.png
1545631962837	80.669861	-59.256947	-0.593944	0.705481	0.002063	0.002142	-0.708723	1.000000	0.000000	0.000000	3	0	4522.275879	17.569782	img__0_1545631962830496800.png
1545631962965	80.664742	-60.429794	-0.595334	0.705485	0.001531	0.001476	-0.708722	0.000000	0.000000	0.000000	3	0	4148.059570	17.715551	img__0_1545631962962606900.png
1545631963079	80.659523	-61.612713	-0.595491	0.705493	0.001364	0.001251	-0.708715	-1.000000	0.000000	0.000000	-1	0	3880.174316	17.533422	img__0_1545631963076970700.png
1545631963210	80.654373	-62.769642	-0.595065	0.705500	-0.000034	-0.000157	-0.708710	-1.000000	0.000000	0.000000	-1	0	3822.907227	16.980907	img__0_1545631963196476600.png
1545631963327	80.649345	-63.890770	-0.594777	0.705490	-0.001010	-0.001126	-0.708718	-1.000000	0.000000	0.000000	-1	0	3792.796631	16.431074	img__0_1545631963319328200.png
1545631963440	80.644440	-64.975693	-0.594556	0.705473	-0.001756	-0.001859	-0.708732	-1.000000	0.000000	0.000000	-1	0	3761.932617	15.879714	img__0_1545631963438226000.png
1545631963560	80.639656	-66.024101	-0.594382	0.705453	-0.002340	-0.002431	-0.708749	0.000000	0.000000	0.000000	0	0	3794.527100	15.690883	img__0_1545631963557309800.png
1545631963680	80.634819	-67.070259	-0.594693	0.705443	-0.001664	-0.001750	-0.708762	1.000000	0.000000	0.000000	0	0	3707.514893	15.675842	img__0_1545631963676599500.png
1545631963815	80.629951	-68.114914	-0.594886	0.705440	-0.001253	-0.001335	-0.708767	1.000000	0.000000	0.000000	1	0	3458.885742	15.660909	img__0_1545631963797203200.png
1545631963916	80.625069	-69.155357	-0.594936	0.705438	-0.001189	-0.001264	-0.708770	1.000000	0.000000	0.000000	1	0	3765.824463	15.455331	img__0_1545631963913112000.png
1545631964036	80.620239	-70.182350	-0.594949	0.705433	-0.001201	-0.001269	-0.708775	1.000000	0.000000	0.000000	1	0	4129.434082	15.277059	img__0_1545631964028779100.png
1545631964147	80.615448	-71.197891	-0.594969	0.705427	-0.001187	-0.001249	-0.708780	1.000000	0.000000	0.000000	1	0	4474.315918	15.125965	img__0_1545631964143591300.png
1545631964270	80.610680	-72.203789	-0.595000	0.705422	-0.001136	-0.001194	-0.708785	1.000000	0.000000	0.000000	1	0	4801.578125	15.001127	img__0_1545631964264191800.png
1545631964385	80.605934	-73.204315	-0.600148	0.705420	0.000221	0.000160	-0.708790	1.000000	0.000000	0.000000	1	0	5106.312500	14.912563	img__0_1545631964380994100.png
1545631964504	80.601036	-74.197372	-0.600991	0.705407	0.000873	0.000643	-0.708801	1.000000	0.000000	0.000000	1	0	5398.353027	14.838349	img__0_1545631964497278700.png
1545631964620	80.595947	-75.183075	-0.607001	0.705423	0.000217	-0.000641	-0.708786	1.000000	0.000000	0.000000	1	0	5673.581543	14.786852	img__0_1545631964612922800.png
1545631964729	80.591827	-76.166847	-0.606309	0.705474	-0.000243	-0.000924	-0.708735	1.000000	0.000000	0.000000	1	0	5933.627441	14.759639	img__0_1545631964725327200.png
1545631964843	80.586891	-77.149033	-0.607290	0.705500	-0.000403	-0.001514	-0.708709	0.000000	0.000000	0.000000	1	0	5680.646973	14.747176	img__0_1545631964839720900.png
1545631964970	80.582764	-78.131104	-0.606547	0.705484	-0.000159	-0.001256	-0.708724	-1.000000	0.000000	0.000000	-1	0	5293.761230	14.439115	img__0_1545631964958568300.png
1545631965075	80.579147	-79.080605	-0.605294	0.705455	-0.001418	-0.001834	-0.708751	-1.000000	0.000000	0.000000	-1	0	5175.321777	13.817590	img__0_1545631965072089100.png
1545631965193	80.574982	-79.988983	-0.604953	0.705429	-0.002343	-0.002467	-0.708773	-1.000000	0.000000	0.000000	-1	0	5090.624512	13.201340	img__0_1545631965187825900.png
1545631965313	80.570801	-80.856270	-0.604676	0.705418	-0.003018	-0.003031	-0.708778	-1.000000	0.000000	0.000000	-1	0	5004.389648	12.582601	img__0_1545631965309689600.png
1545631965422	80.566772	-81.682091	-0.604454	0.705403	-0.003540	-0.003513	-0.708789	-1.000000	0.000000	0.000000	-1	0	4916.455078	11.959931	img__0_1545631965413897000.png
1545631965535	80.562965	-82.466133	-0.604276	0.705383	-0.003953	-0.003917	-0.708805	-1.000000	0.000000	0.000000	-1	0	4826.794434	11.332035	img__0_1545631965528433900.png
1545631965647	80.559334	-83.208054	-0.604133	0.705361	-0.004281	-0.004251	-0.708822	-1.000000	0.000000	0.000000	-1	0	4733.964844	10.695245	img__0_1545631965642959700.png
1545631965757	80.556114	-83.907402	-0.604875	0.705433	-0.004431	-0.004114	-0.708751	-1.000000	0.000000	0.000000	-1	0	4647.174805	10.068419	img__0_1545631965754112400.png
1545631965874	80.553253	-84.565887	-0.605105	0.705558	-0.004757	-0.003889	-0.708625	0.000000	0.000000	0.000000	0	0	4725.281250	9.930264	img__0_1545631965866047400.png
1545631965986	80.550339	-85.223152	-0.605512	0.705846	-0.003857	-0.002765	-0.708350	0.000000	0.000000	0.000000	0	0	4616.927246	9.932821	img__0_1545631965979592300.png
1545631966097	80.547676	-85.879112	-0.605966	0.705886	-0.003337	-0.002066	-0.708314	1.000000	0.000000	0.000000	0	0	4621.874512	9.926985	img__0_1545631966092572700.png
1545631966208	80.545265	-86.532455	-0.606123	0.705924	-0.003526	-0.002173	-0.708275	1.000000	0.000000	0.000000	0	0	4775.275391	9.909845	img__0_1545631966204608300.png
1545631966323	80.542976	-87.186844	-0.606159	0.705892	-0.003139	-0.001644	-0.708311	1.000000	0.000000	0.000000	0	0	4850.937012	9.909970	img__0_1545631966315698200.png
1545631966423	80.540703	-87.840172	-0.606252	0.705916	-0.002871	-0.001350	-0.708289	1.000000	0.000000	0.000000	0	0	4739.700195	9.876495	img__0_1545631966418405800.png
1545631966546	80.536674	-88.822266	-0.600040	0.705881	-0.002256	-0.001740	-0.708325	1.000000	0.000000	0.000000	1	0	4489.461914	9.770442	img__0_1545631966534991000.png
1545631966693	80.537460	-89.479156	-0.600281	0.706715	-0.001881	-0.001457	-0.707494	1.000000	0.500000	0.000000	1	0	4721.225586	9.831370	img__0_1545631966689893900.png
1545631966805	80.552811	-90.139381	-0.600440	0.711406	-0.002332	-0.000619	-0.702777	1.000000	0.000000	0.000000	1	0	4941.742188	9.879289	img__0_1545631966798254300.png
1545631966912	80.568100	-90.806862	-0.593669	0.714768	0.000261	0.002078	-0.699359	1.000000	0.000000	0.000000	1	0	5152.237793	10.036008	img__0_1545631966905590300.png
1545631967023	80.582558	-91.476463	-0.595038	0.715584	-0.000252	0.001352	-0.698525	1.000000	0.000000	0.000000	1	0	5351.836914	10.117105	img__0_1545631967020078800.png
1545631967137	80.598495	-92.153671	-0.595259	0.715732	-0.000162	0.001273	-0.698374	1.000000	0.000000	0.000000	1	0	5544.407227	10.188186	img__0_1545631967129432200.png
1545631967242	80.615181	-92.837646	-0.595445	0.715843	0.000136	0.001343	-0.698260	1.000000	0.000000	0.000000	1	0	5730.625977	10.270156	img__0_1545631967238569300.png
1545631967357	80.632263	-93.528145	-0.595597	0.715856	0.000433	0.001389	-0.698246	1.000000	0.000000	0.000000	1	0	5910.988770	10.386302	img__0_1545631967350817400.png
1545631967468	80.649597	-94.226364	-0.595702	0.715818	0.000661	0.001376	-0.698285	1.000000	0.000000	0.000000	1	0	6086.185059	10.511381	img__0_1545631967464480000.png
1545631967575	80.664581	-94.932838	-0.595779	0.715088	0.000983	0.001202	-0.699033	1.000000	-0.500000	0.000000	1	0	6258.894043	10.631941	img__0_1545631967570768600.png
1545631967684	80.666122	-95.647217	-0.595831	0.710740	0.001781	0.000475	-0.703452	1.000000	0.000000	0.000000	1	0	6427.507813	10.756515	img__0_1545631967677918500.png
1545631967790	80.665741	-96.370224	-0.595885	0.707553	0.002101	0.000284	-0.706657	1.000000	0.000000	0.000000	1	0	6590.478027	10.892766	img__0_1545631967784649000.png
1545631967893	80.666542	-97.102371	-0.595928	0.706709	0.002131	0.000368	-0.707501	1.000000	0.000000	0.000000	1	0	6748.882813	11.033674	img__0_1545631967889544100.png
1545631968003	80.665871	-98.215347	-0.595713	0.706473	0.001424	-0.000076	-0.707739	1.000000	0.000000	0.000000	0	0	6867.101074	11.189950	img__0_1545631967997639500.png
1545631968100	80.665359	-98.588707	-0.595801	0.706455	0.001553	0.000177	-0.707756	1.000000	0.000000	0.000000	0	0	6787.909668	11.173907	img__0_1545631968096474200.png
1545631968208	80.664162	-99.333282	-0.595711	0.706443	0.001175	0.000066	-0.707769	1.000000	0.000000	0.000000	0	0	6632.256348	11.162486	img__0_1545631968198231200.png
1545631968306	80.662811	-100.077271	-0.595655	0.706439	0.000893	0.000038	-0.707773	1.000000	0.000000	0.000000	2	0	6104.453125	11.196608	img__0_1545631968300867800.png
1545631968407	80.661385	-100.832306	-0.595889	0.706442	0.001358	0.000719	-0.707770	1.000000	0.000000	0.000000	2	0	6065.981445	11.437833	img__0_1545631968403975000.png
1545631968503	80.659912	-101.602959	-0.596020	0.706448	0.001590	0.001125	-0.707762	1.000000	0.000000	0.000000	2	0	6031.544434	11.682213	img__0_1545631968497119000.png
1545631968606	80.658409	-102.389450	-0.596101	0.706454	0.001720	0.001386	-0.707755	1.000000	0.000000	0.000000	2	0	6001.272949	11.921224	img__0_1545631968596974600.png
1545631968718	80.656143	-103.595779	-0.595930	0.706464	0.001240	0.001041	-0.707747	1.000000	0.000000	0.000000	2	0	5958.305664	12.365287	img__0_1545631968711924200.png
1545631968856	80.654610	-104.421112	-0.595968	0.706471	0.001305	0.001164	-0.707740	1.000000	0.000000	0.000000	2	0	5937.975586	12.591767	img__0_1545631968848194300.png
1545631968962	80.653076	-105.261551	-0.595996	0.706477	0.001355	0.001252	-0.707734	1.000000	0.000000	0.000000	2	0	5921.252441	12.814847	img__0_1545631968956124000.png
1545631969075	80.650749	-106.552399	-0.596238	0.706487	0.001918	0.001849	-0.707721	1.000000	0.000000	0.000000	2	0	5906.444336	13.065024	img__0_1545631969071496200.png
1545631969214	80.649208	-107.429619	-0.596241	0.706493	0.001917	0.001862	-0.707715	1.000000	0.000000	0.000000	2	0	5897.888184	13.283879	img__0_1545631969209091500.png
1545631969322	80.647652	-108.321220	-0.596240	0.706500	0.001909	0.001862	-0.707708	1.000000	0.000000	0.000000	2	0	5892.492676	13.499651	img__0_1545631969315153400.png
1545631969424	80.646103	-109.227028	-0.596236	0.706507	0.001896	0.001854	-0.707701	1.000000	0.000000	0.000000	2	0	5890.118164	13.712439	img__0_1545631969419379300.png
1545631969533	80.644531	-110.146835	-0.596230	0.706514	0.001879	0.001840	-0.707694	1.000000	0.000000	0.000000	2	0	5890.624023	13.922348	img__0_1545631969527800500.png
1545631969641	80.642967	-111.080444	-0.596222	0.706521	0.001859	0.001822	-0.707687	1.000000	0.000000	0.000000	0	0	6015.960938	14.129801	img__0_1545631969638166300.png
1545631969739	80.641403	-112.023346	-0.596084	0.706528	0.001517	0.001481	-0.707681	1.000000	0.000000	0.000000	0	0	5878.009277	14.117723	img__0_1545631969735279200.png
1545631969841	80.637810	-112.965424	-0.595963	0.705934	0.001322	0.001058	-0.708276	0.000000	-0.500000	0.000000	0	0	5743.220215	14.100184	img__0_1545631969838136500.png
1545631969951	80.621635	-113.906235	-0.595865	0.701994	0.001687	0.000170	-0.712180	0.000000	-0.500000	0.000000	3	0	4731.402832	14.192500	img__0_1545631969945178400.png
1545631970061	80.583839	-114.856537	-0.595950	0.693685	0.003015	-0.000831	-0.720272	0.000000	-0.500000	0.000000	3	0	3935.418213	14.355313	img__0_1545631970057592200.png
1545631970172	80.516045	-115.814667	-0.595973	0.681094	0.004559	-0.002502	-0.732177	0.000000	-0.500000	0.000000	3	0	3283.812988	14.477235	img__0_1545631970169413200.png
1545631970282	80.415459	-116.776611	-0.595955	0.666029	0.006024	-0.004450	-0.745888	-1.000000	-0.500000	0.000000	-1	0	2800.976563	14.547199	img__0_1545631970277843100.png
1545631970397	80.283623	-117.727592	-0.595594	0.650687	0.006332	-0.007029	-0.759288	-1.000000	-0.500000	0.000000	-1	0	2509.377197	14.043272	img__0_1545631970393384200.png
1545631970507	80.126701	-118.643570	-0.595340	0.636883	0.006553	-0.009031	-0.770880	-1.000000	-0.500000	0.000000	-1	0	2517.216309	13.617969	img__0_1545631970503261800.png
1545631970620	79.945335	-119.522934	-0.595093	0.624300	0.006291	-0.010764	-0.781085	-1.000000	-0.500000	0.000000	-1	0	2586.466797	13.195135	img__0_1545631970613513600.png
1545631970734	79.629105	-120.778328	-0.600797	0.606613	0.007569	-0.010457	-0.794893	-1.000000	-0.500000	0.000000	-1	0	2695.354736	12.607506	img__0_1545631970729397400.png
1545631970847	79.513763	-121.182175	-0.600169	0.601594	0.007620	-0.010683	-0.798694	-1.000000	-0.500000	0.000000	-1	0	2716.524414	12.337220	img__0_1545631970842245700.png
1545631970959	79.271912	-121.958611	-0.600284	0.591394	0.006914	-0.011197	-0.806275	-1.000000	-0.500000	0.000000	-1	0	2704.460449	11.764855	img__0_1545631970955233000.png
1545631971074	79.018883	-122.691727	-0.608296	0.579841	0.004462	-0.011793	-0.814632	-1.000000	-0.500000	0.000000	-1	0	2735.383057	11.288240	img__0_1545631971069549100.png
1545631971188	78.755142	-123.388611	-0.607499	0.567371	0.004133	-0.011834	-0.823367	-1.000000	-0.500000	0.000000	-1	0	2836.494629	10.922708	img__0_1545631971183315500.png
1545631971302	78.474068	-124.053207	-0.607476	0.555899	0.003970	-0.011945	-0.831155	-1.000000	-0.500000	0.000000	-1	0	2951.356445	10.578975	img__0_1545631971292903500.png
1545631971411	78.177040	-124.686577	-0.610052	0.539797	0.002969	-0.012276	-0.841701	-1.000000	-0.500000	0.000000	-1	0	2984.511963	10.114295	img__0_1545631971408777900.png
1545631971528	77.869583	-125.284721	-0.609730	0.524747	0.003077	-0.012253	-0.851164	-1.000000	-0.500000	0.000000	-1	0	3063.279053	9.716216	img__0_1545631971524709600.png
1545631971646	77.557701	-125.843094	-0.609332	0.511286	0.002185	-0.012420	-0.859318	-1.000000	-0.500000	0.000000	-1	0	3042.000977	9.151305	img__0_1545631971643306800.png
1545631971764	77.245621	-126.358345	-0.607816	0.497840	0.000939	-0.012494	-0.867178	-1.000000	-0.500000	0.000000	-1	0	3119.246338	8.748371	img__0_1545631971759404300.png
1545631971877	76.926460	-126.837692	-0.606747	0.484437	0.000227	-0.012618	-0.874735	-1.000000	-0.500000	0.000000	-1	0	3077.338623	8.136188	img__0_1545631971873590800.png
1545631972004	76.613052	-127.274750	-0.606738	0.470306	-0.000233	-0.012270	-0.882418	-1.000000	-0.500000	0.000000	-1	0	3077.096924	7.612194	img__0_1545631971995760900.png
1545631972126	76.306618	-127.671227	-0.606629	0.456246	-0.000988	-0.011873	-0.889774	-1.000000	-0.500000	0.000000	-1	0	3138.078125	7.184414	img__0_1545631972120251500.png
1545631972242	76.000298	-128.033920	-0.605534	0.442260	-0.000854	-0.011175	-0.896817	1.000000	-0.500000	0.000000	0	0	3335.809814	7.004436	img__0_1545631972235135400.png
1545631972362	75.673981	-128.381836	-0.604937	0.423583	0.001164	-0.010157	-0.905800	1.000000	-0.500000	0.000000	0	0	3614.184814	6.945431	img__0_1545631972358382400.png
1545631972485	75.336975	-128.712738	-0.605041	0.404938	0.001933	-0.009610	-0.914292	1.000000	-0.500000	0.000000	0	0	3889.750000	6.952364	img__0_1545631972476866800.png
1545631972597	74.985939	-129.029984	-0.605300	0.385894	0.002444	-0.009191	-0.922494	1.000000	-0.500000	0.000000	0	0	4162.533203	6.895670	img__0_1545631972593958700.png
1545631972722	74.625771	-129.331161	-0.605475	0.366981	0.002663	-0.008837	-0.930183	1.000000	-0.500000	0.000000	0	0	4432.562988	6.965574	img__0_1545631972713091300.png
1545631972844	74.251373	-129.619125	-0.605593	0.348329	0.002748	-0.008673	-0.937328	1.000000	-0.500000	0.000000	0	0	4699.867188	6.833078	img__0_1545631972836834800.png
1545631972963	73.871490	-129.887680	-0.605687	0.328806	0.002795	-0.008497	-0.944355	1.000000	-0.500000	0.000000	0	0	4964.473145	7.018211	img__0_1545631972958382500.png
1545631973094	73.477745	-130.142197	-0.605598	0.309358	0.002243	-0.008662	-0.950903	1.000000	-0.500000	0.000000	0	0	5226.418457	6.886343	img__0_1545631973086560400.png
1545631973214	73.076797	-130.377792	-0.605693	0.290145	0.002371	-0.008646	-0.956941	1.000000	-0.500000	0.000000	0	0	5485.764648	6.920293	img__0_1545631973211210100.png
1545631973357	72.666176	-130.596420	-0.605709	0.270169	0.002226	-0.008694	-0.962771	1.000000	-0.500000	0.000000	0	0	5742.536621	6.852489	img__0_1545631973350094500.png
1545631973476	72.248871	-130.797272	-0.605784	0.250854	0.002286	-0.008659	-0.967984	1.000000	-0.500000	0.000000	0	0	5802.272949	6.905155	img__0_1545631973473927300.png
1545631973611	71.822449	-130.981247	-0.606875	0.230486	0.002532	-0.008432	-0.973036	1.000000	-0.500000	0.000000	0	0	5669.220703	6.833386	img__0_1545631973607938200.png
1545631973746	71.391548	-131.146729	-0.606545	0.211290	0.002317	-0.008278	-0.977386	1.000000	-0.500000	0.000000	1	0	5277.964844	6.894662	img__0_1545631973743798600.png
1545631973888	70.955147	-131.294006	-0.606180	0.190811	0.001659	-0.008310	-0.981590	1.000000	-0.500000	0.000000	1	0	5420.396484	7.003910	img__0_1545631973878084800.png
1545631974019	70.500237	-131.425461	-0.606759	0.170348	0.002263	-0.008243	-0.985347	1.000000	-0.500000	0.000000	1	0	5563.175293	7.255781	img__0_1545631974015716600.png
1545631974167	70.027931	-131.541077	-0.607377	0.148363	0.002419	-0.008242	-0.988896	1.000000	-0.500000	0.000000	1	0	5703.024414	7.374084	img__0_1545631974156778600.png
1545631974304	69.539215	-131.640015	-0.608771	0.127549	0.002713	-0.008238	-0.991794	1.000000	-0.500000	0.000000	1	0	5842.265625	7.605459	img__0_1545631974301541100.png
1545631974456	69.030869	-131.721573	-0.611288	0.105648	0.004088	-0.007611	-0.994366	1.000000	-0.500000	0.000000	1	0	5983.478516	7.724998	img__0_1545631974453907200.png
1545631974610	68.510368	-131.783127	-0.612938	0.084157	0.004774	-0.006869	-0.996417	1.000000	-0.500000	0.000000	1	0	6121.650391	7.893483	img__0_1545631974607797900.png
1545631974766	67.977951	-131.822601	-0.613034	0.061288	0.004297	-0.007201	-0.998085	1.000000	-0.500000	0.000000	1	0	6258.120605	8.124843	img__0_1545631974760756900.png
1545631974920	67.431709	-131.840607	-0.611694	0.039462	0.003221	-0.007640	-0.999187	1.000000	-0.500000	0.000000	1	0	6392.265137	8.328961	img__0_1545631974911134100.png
1545631975073	66.872406	-131.835449	-0.612014	0.017269	0.001456	-0.007992	-0.999818	1.000000	-0.500000	0.000000	1	0	6524.875488	8.454540	img__0_1545631975070646600.png
1545631975229	66.303726	-131.807541	-0.612902	0.005335	0.000193	0.007456	0.999958	1.000000	-0.500000	0.000000	1	0	6655.367188	8.663494	img__0_1545631975226504000.png
1545631975399	65.721519	-131.751770	-0.612030	0.028288	0.000394	0.008312	0.999565	1.000000	-0.500000	0.000000	1	0	6786.223145	8.828281	img__0_1545631975392931700.png
1545631975562	65.129951	-131.670441	-0.610134	0.051238	-0.000225	0.009489	0.998641	1.000000	-0.500000	0.000000	1	0	6917.240234	9.032612	img__0_1545631975558274700.png
1545631975732	64.527802	-131.567230	-0.608997	0.071678	-0.001171	0.009728	0.997380	1.000000	0.000000	0.000000	1	0	7046.765625	9.218577	img__0_1545631975727395300.png
1545631975910	63.913837	-131.462540	-0.608405	0.081550	-0.002062	0.008196	0.996633	1.000000	0.500000	0.000000	0	0	7085.047363	9.211525	img__0_1545631975907107100.png
1545631976088	63.299553	-131.372269	-0.607540	0.078733	-0.002289	0.005601	0.996877	1.000000	0.000000	0.000000	0	0	6922.579590	9.177475	img__0_1545631976082187900.png
1545631976260	62.686546	-131.282425	-0.608318	0.075382	-0.002347	0.004170	0.997143	1.000000	0.000000	0.000000	2	0	6313.382813	9.167450	img__0_1545631976257388500.png
1545631976441	62.073334	-131.190186	-0.609440	0.074393	-0.002324	0.002895	0.997222	1.000000	0.000000	0.000000	2	0	6261.400879	9.433867	img__0_1545631976434620700.png
1545631976617	61.442749	-131.095688	-0.610228	0.074173	-0.002338	0.001497	0.997241	1.000000	0.000000	0.000000	2	0	6202.448730	9.690334	img__0_1545631976611050000.png
1545631976788	60.794540	-131.000656	-0.610194	0.072824	-0.002718	0.000600	0.997341	1.000000	0.500000	0.000000	2	0	6150.271973	9.951986	img__0_1545631976784604300.png
1545631976968	60.128532	-130.916534	-0.610917	0.066828	-0.002630	-0.000463	0.997761	1.000000	0.000000	0.000000	2	0	6104.229004	10.195148	img__0_1545631976965235400.png
1545631977134	59.445442	-130.833313	-0.611146	0.061968	-0.002768	-0.000747	0.998074	1.000000	0.000000	0.000000	2	0	6074.230957	10.435682	img__0_1545631977128628100.png
1545631977303	58.748417	-130.747467	-0.608333	0.060699	-0.001594	-0.000999	0.998154	1.000000	0.000000	0.000000	2	0	6020.498535	10.698015	img__0_1545631977300254100.png
1545631977469	58.032261	-130.659668	-0.608694	0.060340	-0.001856	-0.000807	0.998176	1.000000	0.000000	0.000000	2	0	5978.665527	10.948475	img__0_1545631977461564200.png
1545631977637	57.299789	-130.570541	-0.608770	0.060221	-0.001962	-0.000635	0.998183	1.000000	0.000000	0.000000	2	0	5941.517578	11.194983	img__0_1545631977635079900.png
1545631977807	56.549507	-130.479538	-0.605770	0.060177	-0.003542	-0.000374	0.998181	1.000000	0.000000	0.000000	2	0	5911.476563	11.447961	img__0_1545631977802200600.png
1545631977978	55.785194	-130.387054	-0.606649	0.060161	-0.003283	-0.000304	0.998183	1.000000	0.000000	0.000000	2	0	5885.894531	11.670539	img__0_1545631977975603800.png
1545631978150	55.005756	-130.294815	-0.606384	0.059258	-0.003015	-0.000363	0.998238	1.000000	0.500000	0.000000	2	0	5863.041016	11.901432	img__0_1545631978144160400.png
1545631978314	54.210171	-130.206558	-0.606457	0.056437	-0.003004	-0.000593	0.998401	1.000000	0.000000	0.000000	2	0	5842.563477	12.133022	img__0_1545631978308892100.png
1545631978479	53.399719	-130.115463	-0.606871	0.055513	-0.002842	-0.000650	0.998454	1.000000	0.000000	0.000000	2	0	5823.473633	12.362996	img__0_1545631978476026200.png
1545631978647	52.573299	-130.025024	-0.607054	0.054428	-0.003240	-0.000873	0.998512	1.000000	0.500000	0.000000	0	0	5881.878418	12.453918	img__0_1545631978643236600.png
1545631978815	51.744701	-129.940567	-0.607158	0.051595	-0.002713	-0.001350	0.998663	1.000000	0.000000	0.000000	0	0	5747.001953	12.432645	img__0_1545631978809406300.png
1545631978984	50.917446	-129.854599	-0.606312	0.050720	-0.001824	-0.001141	0.998711	1.000000	0.000000	0.000000	3	0	5167.523438	12.405524	img__0_1545631978977997700.png
1545631979153	50.087791	-129.771866	-0.606940	0.049569	-0.001670	-0.001333	0.998768	1.000000	0.500000	0.000000	3	0	5058.619629	12.640182	img__0_1545631979147004200.png
1545631979313	49.241638	-129.693329	-0.606954	0.046788	-0.001942	-0.001692	0.998901	1.000000	0.000000	0.000000	3	0	4954.411133	12.877287	img__0_1545631979309151300.png
1545631979482	48.379890	-129.612183	-0.606309	0.045830	-0.002334	-0.001235	0.998946	1.000000	0.000000	0.000000	3	0	4856.860352	13.107471	img__0_1545631979476599300.png
1545631979649	47.503349	-129.531082	-0.606385	0.045552	-0.002430	-0.000924	0.998958	1.000000	0.000000	0.000000	3	0	4768.321289	13.332455	img__0_1545631979642317700.png
1545631979809	46.611710	-129.451370	-0.606779	0.044670	-0.002679	-0.000917	0.998998	1.000000	0.500000	0.000000	3	0	4692.991699	13.544560	img__0_1545631979806049600.png
1545631979975	45.705410	-129.382416	-0.607392	0.039509	-0.002979	-0.001790	0.999213	1.000000	0.500000	0.000000	3	0	4632.354004	13.738705	img__0_1545631979971043900.png
1545631980146	44.785435	-129.328079	-0.607648	0.030466	-0.003064	-0.003144	0.999526	1.000000	0.000000	0.000000	3	0	4571.519531	13.946634	img__0_1545631980130312100.png
1545631980299	43.852200	-129.273956	-0.608114	0.025973	-0.002868	-0.003657	0.999652	1.000000	0.000000	0.000000	3	0	4515.252930	14.148896	img__0_1545631980296380900.png
1545631980457	42.907036	-129.223938	-0.607364	0.023624	-0.001649	-0.003951	0.999712	1.000000	0.500000	0.000000	3	0	4470.917480	14.339985	img__0_1545631980454463600.png
1545631980620	41.946960	-129.188721	-0.607562	0.017739	-0.001826	-0.004565	0.999830	1.000000	0.500000	0.000000	3	0	4441.100586	14.510988	img__0_1545631980617242800.png
1545631980774	40.981640	-129.171860	-0.600433	0.008127	0.001933	-0.005509	0.999950	1.000000	0.000000	0.000000	3	0	4447.437988	14.669072	img__0_1545631980771067900.png
1545631980933	39.998440	-129.168488	-0.600671	0.001750	-0.000661	0.005473	-0.999983	1.000000	0.000000	0.000000	3	0	4430.659668	14.844597	img__0_1545631980926115800.png
1545631981085	39.004395	-129.170029	-0.600868	0.006065	-0.000297	0.005057	-0.999969	1.000000	0.000000	0.000000	3	0	4400.949707	15.026681	img__0_1545631981080293700.png
1545631981239	37.996429	-129.176529	-0.595483	0.008287	0.001553	0.004507	-0.999954	1.000000	0.000000	0.000000	3	0	4375.421387	15.210642	img__0_1545631981229297500.png
1545631981388	36.978481	-129.188950	-0.595475	0.009174	0.001973	0.004022	-0.999948	1.000000	0.000000	0.000000	3	0	4356.584961	15.384542	img__0_1545631981384852500.png
1545631981538	35.949409	-129.205139	-0.595629	0.009426	0.002066	0.003467	-0.999947	1.000000	0.000000	0.000000	3	0	4341.238770	15.555627	img__0_1545631981535227800.png
1545631981691	34.909081	-129.223282	-0.595738	0.009474	0.002075	0.002840	-0.999949	1.000000	0.000000	0.000000	3	0	4330.093262	15.723984	img__0_1545631981688519000.png
1545631981845	33.857605	-129.242538	-0.595816	0.009467	0.002060	0.002217	-0.999951	1.000000	0.000000	0.000000	3	0	4322.982910	15.889799	img__0_1545631981841880500.png
1545631981996	32.795155	-129.262451	-0.595871	0.009455	0.002037	0.001662	-0.999952	1.000000	0.000000	0.000000	3	0	4319.573730	16.053223	img__0_1545631981990319300.png
1545631982146	31.721891	-129.282761	-0.595910	0.009450	0.002010	0.001202	-0.999953	1.000000	0.000000	0.000000	3	0	4319.516113	16.214386	img__0_1545631982141639700.png
1545631982313	30.637968	-129.303375	-0.595937	0.009452	0.001981	0.000842	-0.999953	1.000000	0.000000	0.000000	3	0	4322.477539	16.373405	img__0_1545631982306788600.png
1545631982450	29.543535	-129.324219	-0.595954	0.009459	0.001951	0.000573	-0.999953	1.000000	0.000000	0.000000	3	0	4328.148926	16.530405	img__0_1545631982443494200.png
1545631982604	28.438759	-129.343430	-0.595964	0.008708	0.001917	0.000233	-0.999960	1.000000	-0.500000	0.000000	3	0	4340.107910	16.679190	img__0_1545631982596921200.png
1545631982754	27.323988	-129.355606	-0.595972	0.005502	0.001888	-0.000360	-0.999983	1.000000	0.000000	0.000000	3	0	4350.648438	16.832823	img__0_1545631982751566800.png
1545631982910	26.199062	-129.368164	-0.595977	0.004135	0.001861	-0.000579	-0.999990	1.000000	0.000000	0.000000	3	0	4362.391602	16.984863	img__0_1545631982907176000.png
1545631983057	25.064060	-129.379059	-0.595978	0.003589	0.001836	-0.000720	-0.999992	1.000000	0.000000	0.000000	3	0	4370.693848	17.140951	img__0_1545631983055051900.png
1545631983208	23.917553	-129.388687	-0.601017	0.003414	0.003464	-0.000763	-0.999988	1.000000	0.000000	0.000000	3	0	4411.576660	17.272688	img__0_1545631983204810100.png
1545631983354	22.762665	-129.397415	-0.602128	0.003446	0.004267	-0.000947	-0.999985	1.000000	0.000000	0.000000	3	0	4429.778809	17.419472	img__0_1545631983351036800.png
1545631983507	21.601627	-129.406357	-0.606730	0.003486	0.002218	-0.000756	-0.999991	1.000000	0.000000	0.000000	3	0	4445.744141	17.562178	img__0_1545631983504734600.png
1545631983667	20.429251	-129.414749	-0.607602	0.003445	0.001449	-0.000838	-0.999993	1.000000	0.000000	0.000000	3	0	4461.654785	17.709152	img__0_1545631983658996700.png
1545631983818	19.245813	-129.423538	-0.606545	0.003381	0.001695	-0.000559	-0.999993	-1.000000	0.000000	0.000000	-1	0	4463.147949	17.518999	img__0_1545631983807421900.png
1545631983968	18.090143	-129.431641	-0.605978	0.003354	-0.000282	-0.000376	-0.999994	-1.000000	0.000000	0.000000	-1	0	4415.202637	16.948154	img__0_1545631983957202600.png
1545631984108	16.971527	-129.439224	-0.605489	0.003346	-0.001634	-0.000246	-0.999993	-1.000000	0.000000	0.000000	-1	0	4368.371582	16.379105	img__0_1545631984105323500.png
1545631984268	15.890496	-129.445297	-0.605170	0.002861	-0.002725	-0.000287	-0.999992	-1.000000	-0.500000	0.000000	-1	0	4321.726563	15.807674	img__0_1545631984261917700.png
1545631984414	14.847225	-129.443115	-0.604983	0.000628	0.003523	0.000800	0.999993	-1.000000	-0.500000	0.000000	-1	0	4274.755371	15.226741	img__0_1545631984399957700.png
1545631984550	13.842031	-129.426285	-0.605427	0.008401	0.003898	0.001638	0.999956	-1.000000	-0.500000	0.000000	-1	0	4236.394043	14.650005	img__0_1545631984543784900.png
1545631984694	12.875614	-129.389664	-0.605664	0.020040	0.004266	0.002815	0.999786	-1.000000	-0.500000	0.000000	-1	0	4201.320313	14.078008	img__0_1545631984690304500.png
1545631984842	11.945851	-129.330841	-0.606233	0.034531	0.004602	0.004138	0.999384	-1.000000	-0.500000	0.000000	-1	0	4233.609863	13.624015	img__0_1545631984839312700.png
1545631985004	11.048320	-129.247589	-0.605393	0.050347	0.005721	0.005597	0.998700	-1.000000	-0.500000	0.000000	-1	0	4263.777344	13.162917	img__0_1545631984995426500.png
1545631985150	10.180180	-129.138214	-0.605713	0.067573	0.005385	0.007285	0.997673	-1.000000	-0.500000	0.000000	-1	0	4362.758789	12.829453	img__0_1545631985147415300.png
1545631985308	9.342555	-129.004135	-0.605680	0.084792	0.005791	0.008592	0.996345	-1.000000	-0.500000	0.000000	-1	0	4371.364746	12.333379	img__0_1545631985304539200.png
1545631985470	8.539801	-128.847397	-0.604510	0.101020	0.005602	0.010266	0.994816	-1.000000	-0.500000	0.000000	-1	0	4427.998047	11.922542	img__0_1545631985465355100.png
1545631985617	7.771614	-128.669708	-0.604445	0.116848	0.005923	0.011157	0.993069	-1.000000	-0.500000	0.000000	-1	0	4434.889648	11.420484	img__0_1545631985609913600.png
1545631985772	7.040689	-128.473175	-0.605081	0.132722	0.005825	0.011760	0.991066	-1.000000	-0.500000	0.000000	-1	0	4472.354492	10.968347	img__0_1545631985768612100.png
1545631985932	6.347257	-128.258881	-0.605829	0.149036	0.005947	0.012259	0.988738	-1.000000	-0.500000	0.000000	-1	0	4475.887207	10.464004	img__0_1545631985925137400.png
1545631986089	5.691851	-128.030609	-0.606537	0.165162	0.005742	0.012086	0.986176	-1.000000	-0.500000	0.000000	-1	0	4525.533203	10.042662	img__0_1545631986086374200.png
1545631986254	5.074280	-127.788513	-0.606205	0.181433	0.006215	0.011787	0.983313	0.000000	-0.500000	0.000000	0	0	4598.965820	9.520446	img__0_1545631986248977400.png
1545631986428	4.487559	-127.528778	-0.608272	0.198813	0.005797	0.012344	0.979943	1.000000	-0.500000	0.000000	0	0	4493.507324	9.524757	img__0_1545631986424751200.png
1545631986595	3.913239	-127.244408	-0.609068	0.218502	0.005467	0.012273	0.975744	1.000000	-0.500000	0.000000	0	0	4390.466797	9.479222	img__0_1545631986590246400.png
1545631986773	3.353783	-126.936417	-0.609108	0.239426	0.005041	0.012235	0.970824	1.000000	-0.500000	0.000000	1	0	4223.147949	9.562763	img__0_1545631986767708300.png
1545631986947	2.806875	-126.601982	-0.608818	0.260768	0.005086	0.012412	0.965308	1.000000	-0.500000	0.000000	1	0	4466.957031	9.573371	img__0_1545631986942258700.png
1545631987140	2.274619	-126.242744	-0.608783	0.282278	0.005201	0.012522	0.959237	1.000000	-0.500000	0.000000	1	0	4697.288086	9.611851	img__0_1545631987136775300.png
1545631987346	1.756580	-125.858025	-0.608353	0.303732	0.005118	0.012780	0.952658	1.000000	-0.500000	0.000000	1	0	4916.384766	9.661819	img__0_1545631987342661400.png
1545631987554	1.253132	-125.448174	-0.608776	0.325126	0.004767	0.013033	0.945569	1.000000	-0.500000	0.000000	1	0	5125.814453	9.729923	img__0_1545631987547121500.png
1545631987766	0.764553	-125.013680	-0.609224	0.346192	0.004310	0.013005	0.938064	1.000000	-0.500000	0.000000	1	0	5327.023926	9.806067	img__0_1545631987758090200.png
1545631987979	0.292454	-124.554115	-0.609258	0.367169	0.004119	0.013142	0.930052	1.000000	-0.500000	0.000000	1	0	5520.581055	9.893950	img__0_1545631987975005700.png
1545631988187	-0.162989	-124.071228	-0.607927	0.387768	0.004552	0.012823	0.921656	1.000000	-0.500000	0.000000	1	0	5707.750977	9.988255	img__0_1545631988184806500.png
1545631988409	-0.600799	-123.563980	-0.608958	0.408355	0.004813	0.012020	0.912731	1.000000	-0.500000	0.000000	1	0	5888.759277	10.092967	img__0_1545631988405852300.png
1545631988635	-1.020280	-123.031944	-0.609189	0.428795	0.004907	0.011606	0.903314	1.000000	-0.500000	0.000000	1	0	6065.790527	10.201452	img__0_1545631988629302300.png
1545631988858	-1.419846	-122.476395	-0.608439	0.448769	0.005763	0.011888	0.893550	1.000000	-0.500000	0.000000	1	0	6237.232422	10.317318	img__0_1545631988853927300.png
1545631989094	-1.802675	-121.901825	-0.603498	0.467927	0.006540	0.010102	0.883685	1.000000	-0.500000	0.000000	1	0	6408.119629	10.424496	img__0_1545631989089104000.png
1545631989329	-2.160951	-121.303101	-0.600861	0.486550	0.007880	0.009332	0.873567	1.000000	-0.500000	0.000000	1	0	6575.170410	10.540253	img__0_1545631989325901600.png
1545631989556	-2.498191	-120.679565	-0.600546	0.505686	0.007765	0.010810	0.862615	1.000000	-0.500000	0.000000	0	0	6779.108398	10.661273	img__0_1545631989552252100.png
1545631989801	-2.811250	-120.042633	-0.600527	0.524202	0.008501	0.010866	0.851482	1.000000	-0.500000	0.000000	0	0	6623.656738	10.650123	img__0_1545631989797194600.png
1545631990032	-3.115034	-119.380005	-0.626943	0.542975	-0.008369	0.012245	0.839618	1.000000	-0.500000	0.000000	0	0	6471.769531	10.584460	img__0_1545631990026856300.png
1545631990277	-3.377963	-118.725243	-0.621127	0.560183	-0.010543	0.005733	0.828282	1.000000	-0.500000	0.000000	2	0	5939.992188	10.644436	img__0_1545631990272966400.png
1545631990514	-3.609130	-118.046532	-0.620566	0.577376	-0.011729	0.004173	0.816384	1.000000	-0.500000	0.000000	2	0	5934.825684	10.845878	img__0_1545631990508741200.png
1545631990758	-3.820190	-117.370384	-0.652418	0.594375	-0.004215	-0.013316	0.804067	1.000000	-0.500000	0.000000	2	0	5907.782715	11.097174	img__0_1545631990753483900.png
1545631991009	-4.013432	-116.645416	-0.646163	0.611826	-0.013304	-0.017833	0.790679	1.000000	-0.500000	0.000000	2	0	5918.681641	11.284697	img__0_1545631991004813200.png
1545631991254	-4.169115	-115.900948	-0.645464	0.629259	-0.016449	-0.018791	0.776794	1.000000	-0.500000	0.000000	2	0	5903.795410	11.483780	img__0_1545631991249653600.png
1545631991501	-4.292214	-115.136971	-0.645117	0.645971	-0.017445	-0.018185	0.762946	1.000000	-0.500000	0.000000	2	0	5884.115234	11.692881	img__0_1545631991496062700.png
1545631991748	-4.386226	-114.355103	-0.644853	0.662130	-0.017731	-0.017213	0.748981	1.000000	-0.500000	0.000000	2	0	5868.999512	11.902681	img__0_1545631991745199200.png
1545631991999	-4.450964	-113.556671	-0.644646	0.677687	-0.017763	-0.016222	0.734957	1.000000	-0.500000	0.000000	2	0	5858.631348	12.108492	img__0_1545631991994519100.png
1545631992255	-4.485448	-112.743004	-0.644482	0.692654	-0.017715	-0.015310	0.720890	1.000000	-0.500000	0.000000	2	0	5852.593262	12.308862	img__0_1545631992252525800.png
1545631992506	-4.488210	-111.915611	-0.644353	0.707219	-0.017637	-0.014479	0.706626	1.000000	-0.500000	0.000000	2	0	5850.479492	12.503795	img__0_1545631992500646800.png
1545631992754	-4.457924	-111.076065	-0.644250	0.721524	-0.017557	-0.013721	0.692031	1.000000	-0.500000	0.000000	2	0	5851.639648	12.694353	img__0_1545631992750306900.png
1545631993004	-4.393419	-110.225967	-0.644168	0.735618	-0.017484	-0.013025	0.677045	1.000000	-0.500000	0.000000	2	0	5855.718262	12.880921	img__0_1545631993000186400.png
1545631993248	-4.293584	-109.367020	-0.644103	0.749515	-0.017417	-0.012376	0.661643	1.000000	-0.500000	0.000000	2	0	5862.500977	13.063629	img__0_1545631993244470800.png
1545631993504	-4.157366	-108.501015	-0.644050	0.763207	-0.017351	-0.011761	0.645814	1.000000	-0.500000	0.000000	0	0	5991.045898	13.242854	img__0_1545631993496294500.png
1545631993737	-3.984641	-107.633347	-0.643900	0.776540	-0.017047	-0.011468	0.629733	1.000000	-0.500000	0.000000	0	0	5853.665527	13.206504	img__0_1545631993733710400.png
1545631993981	-3.776912	-106.776062	-0.643756	0.789825	-0.016747	-0.011215	0.613001	1.000000	-0.500000	0.000000	0	0	5719.435059	13.167568	img__0_1545631993977799900.png
1545631994216	-3.534054	-105.930733	-0.643639	0.802860	-0.016507	-0.010928	0.595839	1.000000	0.000000	0.000000	3	0	5141.348145	13.257972	img__0_1545631994210998000.png
1545631994459	-3.256233	-105.093056	-0.625760	0.812506	-0.004970	-0.008509	0.582870	1.000000	0.000000	0.000000	3	0	5089.321777	13.410095	img__0_1545631994452186200.png
1545631994678	-2.978649	-104.239189	-0.624256	0.816500	-0.001969	-0.008628	0.577277	1.000000	0.500000	0.000000	3	0	5043.886719	13.601568	img__0_1545631994672108000.png
1545631994912	-2.684370	-103.355270	-0.595813	0.814727	-0.004621	0.007285	0.579781	1.000000	0.500000	0.000000	3	0	4993.878418	13.781289	img__0_1545631994906186100.png
1545631995155	-2.414399	-102.478073	-0.604217	0.808266	0.003285	0.007074	0.588766	1.000000	0.500000	0.000000	3	0	4964.807129	13.948254	img__0_1545631995152483600.png
1545631995383	-2.165663	-101.577843	-0.604826	0.798341	0.003556	0.005929	0.602166	1.000000	0.500000	0.000000	3	0	4904.920898	14.141774	img__0_1545631995379333000.png
1545631995617	-1.941427	-100.657234	-0.605158	0.786158	0.001104	0.003809	0.618012	1.000000	0.500000	0.000000	3	0	4845.135742	14.326570	img__0_1545631995613246900.png
1545631995861	-1.743149	-99.718018	-0.605463	0.773492	-0.001908	0.001402	0.633802	1.000000	0.000000	0.000000	3	0	4781.375488	14.528540	img__0_1545631995853659400.png
1545631996097	-1.556595	-98.763062	-0.605689	0.765421	-0.003869	-0.000250	0.643518	1.000000	0.500000	0.000000	3	0	4724.134766	14.725636	img__0_1545631996094060300.png
1545631996336	-1.384379	-97.792557	-0.605852	0.760505	-0.005281	-0.001520	0.649308	1.000000	0.500000	0.000000	3	0	4680.519043	14.904633	img__0_1545631996331478200.png
1545631996577	-1.236382	-96.806671	-0.605960	0.754074	-0.006583	-0.002815	0.656751	1.000000	0.500000	0.000000	3	0	4652.771973	15.060927	img__0_1545631996572203700.png
1545631996818	-1.114431	-95.806473	-0.606044	0.745366	-0.007665	-0.003934	0.666600	1.000000	0.000000	0.000000	3	0	4614.475586	15.245087	img__0_1545631996815865700.png
1545631997057	-1.005249	-94.792534	-0.606106	0.738995	-0.007921	-0.004297	0.673651	1.000000	0.500000	0.000000	3	0	4584.307617	15.417109	img__0_1545631997053356800.png
1545631997303	-0.920315	-93.765457	-0.606143	0.731594	-0.008279	-0.004873	0.681673	1.000000	0.000000	0.000000	3	0	4561.383789	15.582767	img__0_1545631997297415100.png
1545631997545	-0.850606	-92.725624	-0.606175	0.725636	-0.008170	-0.004872	0.688013	1.000000	0.000000	0.000000	3	0	4534.734863	15.760443	img__0_1545631997538657500.png
1545631997792	-0.787696	-91.673454	-0.606207	0.723232	-0.007561	-0.004349	0.690550	1.000000	0.000000	0.000000	3	0	4511.793457	15.935948	img__0_1545631997789294300.png
1545631998035	-0.731970	-90.609268	-0.606232	0.722362	-0.006797	-0.003654	0.691472	1.000000	0.000000	0.000000	3	0	4493.664063	16.108185	img__0_1545631998028787800.png
1545631998278	-0.680692	-89.533417	-0.606250	0.722100	-0.005921	-0.002846	0.691757	1.000000	0.000000	0.000000	3	0	4479.906738	16.277327	img__0_1545631998271617000.png
1545631998518	-0.631689	-88.446266	-0.606264	0.722053	-0.005014	-0.002007	0.691817	1.000000	0.000000	0.000000	3	0	4469.922363	16.443899	img__0_1545631998515681100.png
1545631998753	-0.583664	-87.348106	-0.606225	0.722067	-0.004146	-0.001271	0.691809	1.000000	0.000000	0.000000	3	0	4464.208008	16.607536	img__0_1545631998749560200.png
1545631998994	-0.535854	-86.238983	-0.606272	0.722086	-0.003419	-0.000566	0.691794	1.000000	0.000000	0.000000	3	0	4461.903320	16.768602	img__0_1545631998987448400.png
1545631999232	-0.488062	-85.118805	-0.606714	0.722101	-0.003115	0.000099	0.691780	1.000000	0.500000	0.000000	3	0	4463.579590	16.925039	img__0_1545631999225295500.png
1545631999467	-0.443052	-83.988625	-0.606882	0.721283	-0.002912	0.000199	0.692635	1.000000	0.000000	0.000000	3	0	4469.120605	17.080780	img__0_1545631999464333100.png
1545631999709	-0.397003	-82.848595	-0.606682	0.720907	-0.002229	0.000246	0.693028	1.000000	0.000000	0.000000	3	0	4473.941406	17.235874	img__0_1545631999702314400.png
1545631999948	-0.351559	-81.697853	-0.606946	0.720735	-0.002102	0.000203	0.693207	1.000000	0.000000	0.000000	3	0	4482.175293	17.388998	img__0_1545631999945044700.png
1545632000189	-0.307322	-80.536552	-0.606234	0.720146	-0.001964	0.000607	0.693819	1.000000	0.000000	0.000000	3	0	4493.525391	17.539127	img__0_1545632000185835400.png
1545632000427	-0.264673	-79.365135	-0.606699	0.719548	-0.002048	0.000857	0.694439	1.000000	0.000000	0.000000	3	0	4504.981445	17.688568	img__0_1545632000420914000.png
1545632000674	-0.222645	-78.183746	-0.607502	0.719304	-0.002462	0.000857	0.694691	1.000000	0.000000	0.000000	3	0	4519.839844	17.835850	img__0_1545632000669850800.png
1545632000910	-0.180748	-76.993317	-0.607928	0.719185	-0.002437	0.000476	0.694815	1.000000	0.500000	0.000000	3	0	4535.684570	17.980879	img__0_1545632000902656700.png
1545632001156	-0.145998	-75.793243	-0.608696	0.717238	-0.002945	-0.000477	0.696822	1.000000	0.000000	0.000000	3	0	4560.838867	18.116686	img__0_1545632001150139000.png
1545632001392	-0.114461	-74.583893	-0.607495	0.714939	-0.002706	-0.000789	0.699182	1.000000	0.500000	0.000000	3	0	4580.104980	18.256588	img__0_1545632001386009400.png
1545632001637	-0.093004	-73.370468	-0.600294	0.711763	-0.000368	-0.003818	0.702410	1.000000	0.000000	0.000000	3	0	4621.405273	18.387281	img__0_1545632001633542700.png
1545632001870	-0.073007	-72.141289	-0.600522	0.710166	-0.000834	-0.002468	0.704029	1.000000	0.000000	0.000000	3	0	4650.215820	18.523249	img__0_1545632001866930700.png
1545632002115	-0.057354	-70.899040	-0.593884	0.709278	-0.003403	0.000542	0.704920	1.000000	0.000000	0.000000	3	0	4670.137695	18.661255	img__0_1545632002109694300.png
1545632002357	-0.045503	-69.653572	-0.595266	0.708807	-0.002751	0.000081	0.705397	1.000000	0.000000	0.000000	3	0	4686.682129	18.803551	img__0_1545632002350469800.png
1545632002594	-0.036435	-68.397827	-0.595450	0.708609	-0.002507	0.000037	0.705597	1.000000	0.000000	0.000000	3	0	4704.218262	18.946564	img__0_1545632002586213600.png
1545632002834	-0.029103	-67.132408	-0.595566	0.708543	-0.002319	0.000137	0.705664	1.000000	0.000000	0.000000	3	0	4722.856934	19.088478	img__0_1545632002831341900.png
1545632003064	-0.022757	-65.857506	-0.595658	0.708529	-0.002124	0.000295	0.705679	1.000000	0.000000	0.000000	3	0	4742.399902	19.229336	img__0_1545632003058237600.png
1545632003295	-0.016954	-64.573242	-0.595729	0.708531	-0.001928	0.000470	0.705677	1.000000	0.000000	0.000000	3	0	4762.712402	19.369253	img__0_1545632003291875000.png
1545632003529	-0.011434	-63.279663	-0.595783	0.708536	-0.001748	0.000634	0.705672	1.000000	0.000000	0.000000	3	0	4783.695801	19.508335	img__0_1545632003526241900.png
1545632003761	-0.006053	-61.976826	-0.595823	0.708538	-0.001593	0.000776	0.705671	1.000000	0.000000	0.000000	3	0	4805.270020	19.646656	img__0_1545632003754909900.png
1545632003995	-0.000727	-60.664776	-0.595854	0.708537	-0.001467	0.000889	0.705672	1.000000	0.000000	0.000000	3	0	4827.363770	19.784286	img__0_1545632003988967100.png
1545632004218	0.004587	-59.343563	-0.595876	0.708533	-0.001369	0.000976	0.705675	1.000000	0.000000	0.000000	3	0	4849.915527	19.921272	img__0_1545632004215980100.png
1545632004455	0.009911	-58.013229	-0.595893	0.708528	-0.001296	0.001040	0.705681	1.000000	0.000000	0.000000	3	0	4868.534668	20.062389	img__0_1545632004449271400.png
1545632004677	0.015260	-56.672207	-0.600949	0.708519	-0.002417	0.002264	0.705684	1.000000	0.000000	0.000000	0	0	5038.485352	20.182367	img__0_1545632004669370400.png
1545632004909	0.020839	-55.326527	-0.602066	0.708500	-0.002654	0.002850	0.705700	1.000000	0.000000	0.000000	0	0	4922.947754	20.161053	img__0_1545632004906485600.png
1545632005127	0.025757	-53.986073	-0.606494	0.708456	-0.000970	0.001112	0.705753	1.000000	0.000000	0.000000	0	0	4810.059570	20.134665	img__0_1545632005124149300.png
1545632005353	0.030892	-52.645088	-0.607354	0.708479	-0.000254	0.000617	0.705732	1.000000	0.000000	0.000000	4	0	4249.375488	20.208000	img__0_1545632005349933600.png
1545632005572	0.035665	-51.294525	-0.606438	0.708512	-0.000683	0.000861	0.705698	1.000000	0.000000	0.000000	4	0	4153.594727	20.368490	img__0_1545632005567077200.png
1545632005794	0.040838	-49.933826	-0.606407	0.708518	-0.000853	0.000928	0.705692	1.000000	0.000000	0.000000	4	0	4072.256348	20.521650	img__0_1545632005788689600.png
1545632006015	0.046232	-48.563110	-0.606369	0.708515	-0.000950	0.000998	0.705695	1.000000	0.000000	0.000000	4	0	4003.268555	20.668295	img__0_1545632006010855900.png
1545632006240	0.051723	-47.182747	-0.606369	0.708515	-0.001022	0.001057	0.705694	1.000000	0.000000	0.000000	4	0	3944.754395	20.809259	img__0_1545632006235308600.png
1545632006460	0.056828	-45.792263	-0.607738	0.708537	-0.001804	0.001262	0.705670	1.000000	0.000000	0.000000	4	0	3898.806885	20.942766	img__0_1545632006457121600.png
1545632006679	0.062255	-44.394238	-0.607884	0.708522	-0.001882	0.000781	0.705685	1.000000	0.000000	0.000000	4	0	3859.136230	21.073694	img__0_1545632006673699000.png
1545632006897	0.067989	-42.988892	-0.607176	0.708449	-0.001275	-0.000287	0.705760	1.000000	0.000000	0.000000	4	0	3829.003906	21.200556	img__0_1545632006894579600.png
1545632007109	0.073905	-41.573250	-0.607391	0.708422	-0.001423	-0.000124	0.705787	1.000000	0.000000	0.000000	4	0	3804.558105	21.322834	img__0_1545632007101284900.png
1545632007326	0.080379	-40.149174	-0.606179	0.708423	-0.001220	0.000707	0.705787	1.000000	0.000000	0.000000	4	0	3784.485352	21.443579	img__0_1545632007322075200.png
1545632007540	0.086094	-38.717354	-0.606813	0.708396	-0.001017	0.001358	0.705813	1.000000	0.000000	0.000000	4	0	3772.679932	21.559450	img__0_1545632007531681500.png
1545632007751	0.090959	-37.278866	-0.606543	0.708367	-0.000610	0.001055	0.705843	1.000000	0.000000	0.000000	4	0	3761.684814	21.674360	img__0_1545632007747333300.png
1545632007974	0.095919	-35.831760	-0.606426	0.708381	-0.000655	0.001328	0.705828	1.000000	0.000000	0.000000	4	0	3755.560547	21.786629	img__0_1545632007971095900.png
1545632008180	0.100549	-34.377422	-0.606139	0.708385	-0.000868	0.001159	0.705825	1.000000	0.000000	0.000000	4	0	3752.128662	21.898136	img__0_1545632008178187300.png
1545632008398	0.100549	-34.377422	-0.606139	0.708385	-0.000868	0.001159	0.705825	1.000000	0.000000	0.000000	4	0	3752.128662	21.898136	img__0_1545632008395547600.png
